2.296000000000000000e+03
1.122900000000000000e+04
2.443000000000000000e+03
6.790000000000000000e+03
1.755000000000000000e+03
3.240000000000000000e+03
7.720000000000000000e+03
2.329000000000000000e+03
2.643000000000000000e+03
9.350000000000000000e+02
4.423000000000000000e+03
6.460000000000000000e+02
4.490000000000000000e+02
1.009000000000000000e+03
3.637000000000000000e+03
1.210000000000000000e+02
2.476000000000000000e+03
2.140000000000000000e+02
2.166400000000000000e+04
5.465000000000000000e+03
6.302000000000000000e+03
4.967000000000000000e+03
6.971000000000000000e+03
4.500000000000000000e+01
1.871000000000000000e+03
1.223000000000000000e+03
6.392000000000000000e+03
1.858000000000000000e+03
1.107400000000000000e+04
9.458000000000000000e+03
2.000000000000000000e+00
2.100000000000000000e+01
3.943000000000000000e+03
1.020000000000000000e+03
2.849000000000000000e+03
1.319000000000000000e+03
1.716000000000000000e+03
2.343000000000000000e+03
3.408000000000000000e+03
5.521000000000000000e+03
4.820000000000000000e+02
5.500000000000000000e+01
1.355100000000000000e+04
5.200000000000000000e+02
1.169300000000000000e+04
1.049400000000000000e+04
1.170000000000000000e+02
5.809000000000000000e+03
5.143000000000000000e+03
2.570000000000000000e+02
5.295000000000000000e+03
1.448000000000000000e+03
6.929000000000000000e+03
2.539000000000000000e+03
2.678000000000000000e+03
6.317800000000000000e+04
8.373800000000000000e+04
1.200000000000000000e+02
6.336000000000000000e+03
5.340000000000000000e+02
4.434000000000000000e+03
5.314000000000000000e+03
3.170000000000000000e+03
1.350000000000000000e+02
1.774000000000000000e+03
2.903000000000000000e+03
4.366000000000000000e+03
2.187000000000000000e+03
4.258000000000000000e+03
6.990000000000000000e+02
5.559000000000000000e+03
4.220000000000000000e+03
1.005000000000000000e+03
3.151000000000000000e+03
2.678000000000000000e+03
2.575000000000000000e+03
1.162900000000000000e+04
9.785000000000000000e+03
3.553000000000000000e+03
6.515000000000000000e+03
3.963000000000000000e+03
2.155000000000000000e+03
2.906000000000000000e+03
6.430000000000000000e+02
5.956000000000000000e+03
2.540000000000000000e+02
4.309000000000000000e+03
7.728000000000000000e+03
1.300000000000000000e+01
7.000000000000000000e+00
4.400000000000000000e+01
1.459000000000000000e+03
1.221000000000000000e+03
6.556000000000000000e+03
1.403000000000000000e+03
1.103000000000000000e+03
2.266000000000000000e+03
5.052000000000000000e+03
5.548000000000000000e+03
2.072000000000000000e+03
3.900000000000000000e+01
8.389000000000000000e+03
1.159000000000000000e+03
1.667000000000000000e+03
5.690000000000000000e+02
7.563000000000000000e+03
7.741000000000000000e+03
7.059000000000000000e+03
2.204000000000000000e+03
4.600000000000000000e+01
1.856000000000000000e+03
9.426000000000000000e+03
8.000000000000000000e+00
2.350000000000000000e+02
4.316000000000000000e+03
5.100000000000000000e+03
1.630000000000000000e+02
4.000000000000000000e+01
1.600000000000000000e+01
2.491000000000000000e+03
3.745000000000000000e+03
8.170000000000000000e+03
3.003000000000000000e+03
9.804000000000000000e+03
1.076000000000000000e+03
7.935000000000000000e+03
1.034000000000000000e+03
3.030000000000000000e+03
7.527000000000000000e+03
6.639000000000000000e+03
8.227000000000000000e+03
3.033000000000000000e+03
4.586000000000000000e+03
1.544000000000000000e+03
2.679000000000000000e+03
4.380000000000000000e+02
3.615000000000000000e+03
3.201000000000000000e+03
2.726000000000000000e+03
5.650000000000000000e+02
7.990000000000000000e+02
1.380000000000000000e+02
7.740000000000000000e+02
1.444800000000000000e+04
4.159000000000000000e+03
1.118200000000000000e+04
1.256500000000000000e+04
1.069700000000000000e+04
4.201000000000000000e+03
3.940000000000000000e+02
1.050500000000000000e+04
3.554000000000000000e+03
6.302000000000000000e+03
8.050000000000000000e+02
4.485000000000000000e+03
7.072000000000000000e+03
1.633000000000000000e+03
1.341500000000000000e+04
1.370000000000000000e+03
1.061000000000000000e+03
5.714000000000000000e+03
4.330000000000000000e+02
2.465000000000000000e+03
2.230000000000000000e+02
1.243000000000000000e+04
1.229000000000000000e+03
1.498500000000000000e+04
1.890000000000000000e+03
4.400000000000000000e+01
3.829000000000000000e+03
6.052000000000000000e+03
6.075000000000000000e+03
4.433000000000000000e+03
1.956100000000000000e+04
3.360000000000000000e+02
5.371000000000000000e+03
1.065000000000000000e+03
2.861000000000000000e+03
5.400000000000000000e+01
5.728000000000000000e+03
1.310000000000000000e+02
3.001000000000000000e+03
1.828000000000000000e+03
9.290000000000000000e+03
1.425700000000000000e+04
4.692000000000000000e+03
9.236000000000000000e+03
6.840000000000000000e+02
7.024000000000000000e+03
1.100000000000000000e+01
1.514000000000000000e+03
1.482000000000000000e+03
9.780000000000000000e+02
1.355000000000000000e+03
8.505000000000000000e+03
4.965000000000000000e+03
7.240000000000000000e+02
6.962000000000000000e+03
8.748000000000000000e+03
1.357000000000000000e+03
1.323300000000000000e+04
4.430000000000000000e+02
3.610000000000000000e+02
5.712000000000000000e+03
3.670000000000000000e+02
7.674000000000000000e+03
1.175200000000000000e+04
7.690000000000000000e+02
5.527000000000000000e+03
6.480000000000000000e+02
9.836000000000000000e+03
2.820000000000000000e+02
8.782000000000000000e+03
6.370000000000000000e+02
4.413000000000000000e+03
2.026000000000000000e+03
2.978000000000000000e+03
1.262600000000000000e+04
2.867600000000000000e+04
3.879000000000000000e+03
2.551000000000000000e+03
4.820000000000000000e+02
6.990000000000000000e+02
4.370000000000000000e+02
4.482000000000000000e+03
7.553800000000000000e+04
6.430000000000000000e+02
7.691000000000000000e+03
1.161500000000000000e+04
2.679000000000000000e+03
2.301000000000000000e+03
6.158000000000000000e+03
8.360000000000000000e+02
7.700000000000000000e+01
3.541000000000000000e+03
4.700000000000000000e+01
3.127000000000000000e+03
1.968000000000000000e+03
1.035300000000000000e+04
2.865000000000000000e+03
6.140000000000000000e+02
1.924000000000000000e+03
5.178000000000000000e+03
3.902000000000000000e+03
1.340000000000000000e+03
3.440000000000000000e+02
4.408000000000000000e+03
4.279000000000000000e+03
1.103000000000000000e+04
1.516400000000000000e+04
4.728000000000000000e+03
