1.418890003000000000e+09
1.418892160000000000e+09
1.418902603000000000e+09
1.418918357000000000e+09
1.418918461000000000e+09
1.419353934000000000e+09
1.419360958000000000e+09
1.419361688000000000e+09
1.419362640000000000e+09
1.419418862000000000e+09
1.419420915000000000e+09
1.419420926000000000e+09
1.419421097000000000e+09
1.419422306000000000e+09
1.419424290000000000e+09
1.419427114000000000e+09
1.419429240000000000e+09
1.419429939000000000e+09
1.419455454000000000e+09
1.419457779000000000e+09
1.419458597000000000e+09
1.419460755000000000e+09
1.419468344000000000e+09
1.419469734000000000e+09
1.419480634000000000e+09
1.419480873000000000e+09
1.419482108000000000e+09
1.419500396000000000e+09
1.419501250000000000e+09
1.419502894000000000e+09
1.419503361000000000e+09
1.419504554000000000e+09
1.419506241000000000e+09
1.419508208000000000e+09
1.419514565000000000e+09
1.419528756000000000e+09
1.419545855000000000e+09
1.419548127000000000e+09
1.419551577000000000e+09
1.419551849000000000e+09
1.419559587000000000e+09
1.419562552000000000e+09
1.419565677000000000e+09
1.419567587000000000e+09
1.419573615000000000e+09
1.419579324000000000e+09
1.419581950000000000e+09
1.419587173000000000e+09
1.419587849000000000e+09
1.419594815000000000e+09
1.419605957000000000e+09
1.419608986000000000e+09
1.419629148000000000e+09
1.419630436000000000e+09
1.419643041000000000e+09
1.419649171000000000e+09
1.419664935000000000e+09
1.419667722000000000e+09
1.419676082000000000e+09
1.419677463000000000e+09
1.419682578000000000e+09
1.419694384000000000e+09
1.419715067000000000e+09
1.419715551000000000e+09
1.419718440000000000e+09
1.419739751000000000e+09
1.419758474000000000e+09
1.419788171000000000e+09
1.419791110000000000e+09
