1.417170703000000000e+09
1.417172999000000000e+09
1.417184228000000000e+09
1.417186671000000000e+09
1.417193461000000000e+09
1.417195216000000000e+09
1.417198456000000000e+09
1.417206176000000000e+09
1.417208505000000000e+09
1.417211148000000000e+09
1.417212083000000000e+09
1.417216506000000000e+09
1.417217152000000000e+09
1.417217601000000000e+09
1.417218610000000000e+09
1.417222247000000000e+09
1.417222368000000000e+09
1.417224844000000000e+09
1.417225058000000000e+09
1.417246722000000000e+09
1.417252187000000000e+09
1.417258489000000000e+09
1.417263456000000000e+09
1.417270427000000000e+09
1.417270472000000000e+09
1.417272343000000000e+09
1.417273566000000000e+09
1.417279958000000000e+09
1.417281816000000000e+09
1.417292890000000000e+09
1.417302348000000000e+09
1.417302350000000000e+09
1.417302371000000000e+09
1.417306314000000000e+09
1.417307334000000000e+09
1.417310183000000000e+09
1.417311502000000000e+09
1.417313218000000000e+09
1.417315561000000000e+09
1.417318969000000000e+09
1.417324490000000000e+09
1.417324972000000000e+09
1.417325027000000000e+09
1.417338578000000000e+09
1.417339098000000000e+09
1.417350791000000000e+09
1.417361285000000000e+09
1.417361402000000000e+09
1.417367211000000000e+09
1.417372354000000000e+09
1.417372611000000000e+09
1.417377906000000000e+09
1.417379354000000000e+09
1.417386283000000000e+09
1.417388822000000000e+09
1.417391500000000000e+09
1.417454678000000000e+09
1.417538416000000000e+09
1.417538536000000000e+09
1.417544872000000000e+09
1.417545406000000000e+09
1.417549840000000000e+09
1.417555154000000000e+09
1.417558324000000000e+09
1.417558459000000000e+09
1.417560233000000000e+09
1.417563136000000000e+09
1.417567502000000000e+09
1.417569689000000000e+09
1.417573947000000000e+09
1.417574646000000000e+09
1.417580205000000000e+09
1.417584425000000000e+09
1.417585430000000000e+09
1.417588581000000000e+09
1.417591259000000000e+09
1.417593834000000000e+09
1.417605463000000000e+09
1.417615248000000000e+09
1.417618801000000000e+09
1.417625316000000000e+09
1.417629279000000000e+09
1.417631434000000000e+09
1.417634340000000000e+09
1.417634983000000000e+09
1.417640939000000000e+09
1.417641193000000000e+09
1.417645502000000000e+09
1.417653230000000000e+09
1.417653243000000000e+09
1.417653250000000000e+09
1.417653294000000000e+09
1.417654753000000000e+09
1.417655974000000000e+09
1.417662530000000000e+09
1.417663933000000000e+09
1.417665036000000000e+09
1.417667302000000000e+09
1.417672354000000000e+09
1.417677902000000000e+09
1.417679974000000000e+09
1.417680013000000000e+09
1.417688402000000000e+09
1.417689561000000000e+09
1.417691228000000000e+09
1.417691797000000000e+09
1.417699360000000000e+09
1.417707101000000000e+09
1.417714160000000000e+09
1.417716364000000000e+09
1.417716410000000000e+09
1.417718266000000000e+09
1.417727692000000000e+09
1.417727700000000000e+09
1.417727935000000000e+09
1.417732251000000000e+09
1.417737351000000000e+09
1.417737514000000000e+09
1.417737554000000000e+09
1.417737570000000000e+09
1.417740061000000000e+09
1.417743806000000000e+09
1.417751976000000000e+09
1.417754979000000000e+09
1.417764783000000000e+09
1.417765859000000000e+09
1.417773794000000000e+09
1.417774828000000000e+09
1.417777858000000000e+09
1.417785385000000000e+09
1.417792024000000000e+09
1.417800251000000000e+09
1.417803284000000000e+09
1.417807870000000000e+09
1.417809414000000000e+09
1.417812093000000000e+09
1.417812531000000000e+09
1.417816146000000000e+09
1.417819347000000000e+09
1.417822073000000000e+09
1.417822638000000000e+09
1.417823437000000000e+09
1.417823575000000000e+09
1.417824349000000000e+09
1.417838797000000000e+09
1.417842956000000000e+09
1.417854138000000000e+09
1.417866703000000000e+09
1.417877400000000000e+09
1.417881601000000000e+09
1.417881995000000000e+09
1.417892500000000000e+09
1.417896054000000000e+09
1.417902356000000000e+09
1.417903161000000000e+09
1.417907646000000000e+09
1.417914718000000000e+09
1.417916351000000000e+09
1.417929766000000000e+09
1.417931136000000000e+09
1.417932197000000000e+09
1.417937911000000000e+09
1.417938344000000000e+09
1.417940809000000000e+09
1.417941032000000000e+09
1.417953462000000000e+09
1.417954691000000000e+09
1.417969676000000000e+09
1.417971566000000000e+09
1.417971610000000000e+09
1.417975439000000000e+09
1.417981491000000000e+09
1.417987566000000000e+09
1.417991999000000000e+09
1.418011560000000000e+09
1.418011896000000000e+09
1.418017267000000000e+09
1.418018332000000000e+09
1.418021193000000000e+09
1.418021247000000000e+09
1.418026975000000000e+09
1.418027106000000000e+09
1.418030107000000000e+09
1.418031935000000000e+09
1.418041225000000000e+09
1.418055482000000000e+09
1.418060174000000000e+09
1.418069410000000000e+09
1.418070094000000000e+09
1.418077118000000000e+09
1.418077129000000000e+09
1.418078643000000000e+09
1.418080125000000000e+09
1.418081103000000000e+09
1.418082458000000000e+09
1.418090963000000000e+09
1.418095928000000000e+09
1.418096652000000000e+09
1.418103614000000000e+09
1.418112362000000000e+09
1.418113719000000000e+09
1.418126952000000000e+09
1.418127395000000000e+09
1.418127756000000000e+09
1.418133468000000000e+09
1.418133835000000000e+09
1.418141509000000000e+09
1.418153261000000000e+09
1.418154030000000000e+09
1.418159557000000000e+09
1.418160205000000000e+09
1.418170041000000000e+09
1.418170323000000000e+09
1.418179105000000000e+09
1.418179742000000000e+09
1.418184155000000000e+09
1.418186181000000000e+09
1.418189159000000000e+09
1.418201785000000000e+09
1.418230461000000000e+09
1.418234340000000000e+09
1.418236891000000000e+09
1.418237373000000000e+09
1.418238072000000000e+09
1.418238509000000000e+09
1.418242991000000000e+09
1.418318529000000000e+09
1.418319172000000000e+09
1.418326863000000000e+09
1.418338478000000000e+09
1.418341157000000000e+09
1.418343458000000000e+09
1.418349616000000000e+09
1.418350452000000000e+09
1.418350529000000000e+09
1.418354070000000000e+09
1.418354117000000000e+09
1.418357244000000000e+09
1.418359212000000000e+09
1.418369565000000000e+09
1.418372430000000000e+09
1.418373044000000000e+09
1.418374968000000000e+09
1.418380146000000000e+09
1.418384048000000000e+09
1.418385388000000000e+09
1.418385732000000000e+09
1.418390140000000000e+09
1.418394419000000000e+09
1.418405449000000000e+09
1.418420613000000000e+09
1.418425341000000000e+09
