1.370000000000000000e+03
1.236000000000000000e+03
1.006100000000000000e+04
1.670000000000000000e+03
1.545000000000000000e+03
1.870000000000000000e+02
4.734000000000000000e+03
1.123000000000000000e+03
2.044650000000000000e+05
4.700000000000000000e+01
1.297000000000000000e+03
1.438000000000000000e+03
2.084000000000000000e+03
1.679000000000000000e+03
9.170000000000000000e+02
9.540000000000000000e+02
5.000000000000000000e+01
2.180000000000000000e+02
2.820000000000000000e+02
8.100000000000000000e+01
1.550000000000000000e+02
3.600000000000000000e+01
5.430000000000000000e+02
8.400000000000000000e+01
4.440000000000000000e+02
1.300000000000000000e+01
2.308900000000000000e+04
6.000000000000000000e+00
2.600000000000000000e+02
1.970000000000000000e+02
2.750000000000000000e+02
1.100000000000000000e+01
4.300000000000000000e+01
3.000000000000000000e+00
2.860000000000000000e+02
2.909000000000000000e+03
1.073000000000000000e+03
2.898000000000000000e+03
1.400000000000000000e+01
1.601000000000000000e+03
2.989000000000000000e+03
3.470000000000000000e+03
6.490000000000000000e+02
8.540000000000000000e+02
1.457000000000000000e+03
5.700000000000000000e+01
9.400000000000000000e+01
1.120000000000000000e+02
6.720000000000000000e+02
1.130000000000000000e+02
5.780000000000000000e+02
4.563000000000000000e+03
5.230000000000000000e+02
1.060000000000000000e+02
1.761000000000000000e+03
1.610000000000000000e+03
1.880000000000000000e+02
4.138000000000000000e+03
1.043000000000000000e+03
8.140000000000000000e+02
3.185000000000000000e+03
5.411000000000000000e+03
1.174000000000000000e+03
5.130000000000000000e+02
1.981000000000000000e+03
6.443000000000000000e+03
9.590000000000000000e+02
2.956000000000000000e+03
3.000000000000000000e+00
4.220000000000000000e+02
9.610000000000000000e+02
8.100000000000000000e+02
4.350000000000000000e+02
3.740000000000000000e+02
2.986000000000000000e+03
3.840000000000000000e+02
9.700000000000000000e+01
8.980000000000000000e+02
1.790000000000000000e+03
5.460000000000000000e+02
3.617000000000000000e+03
4.050000000000000000e+02
2.415000000000000000e+03
3.263000000000000000e+03
1.065200000000000000e+04
1.040040000000000000e+05
1.808000000000000000e+03
8.100000000000000000e+02
3.140000000000000000e+02
2.790000000000000000e+02
2.790000000000000000e+02
2.399000000000000000e+03
2.260000000000000000e+03
1.235000000000000000e+03
3.818000000000000000e+03
3.243000000000000000e+03
2.547000000000000000e+03
2.940000000000000000e+02
1.000000000000000000e+02
9.800000000000000000e+02
2.089000000000000000e+03
8.430000000000000000e+02
9.430000000000000000e+02
6.110000000000000000e+02
4.930000000000000000e+02
5.860000000000000000e+02
3.194000000000000000e+03
4.518000000000000000e+03
2.580000000000000000e+02
1.289000000000000000e+03
1.565000000000000000e+03
2.056000000000000000e+03
3.520000000000000000e+03
6.400000000000000000e+01
4.198000000000000000e+03
7.100000000000000000e+01
7.340000000000000000e+02
7.480000000000000000e+02
7.650000000000000000e+02
1.988000000000000000e+03
1.287000000000000000e+03
5.590000000000000000e+02
3.540000000000000000e+03
1.096000000000000000e+03
1.479000000000000000e+03
1.748000000000000000e+03
6.981950000000000000e+05
2.170000000000000000e+02
2.710000000000000000e+02
1.970000000000000000e+02
2.711000000000000000e+03
1.242000000000000000e+03
2.595000000000000000e+03
2.547000000000000000e+03
5.537000000000000000e+03
3.592000000000000000e+03
1.073000000000000000e+03
1.603000000000000000e+03
2.261000000000000000e+03
4.229000000000000000e+03
6.310000000000000000e+02
2.410000000000000000e+02
9.488000000000000000e+03
4.194000000000000000e+03
1.720000000000000000e+02
3.936000000000000000e+03
4.540000000000000000e+02
6.810000000000000000e+02
1.005000000000000000e+03
1.198000000000000000e+03
2.120000000000000000e+03
3.737000000000000000e+03
6.050000000000000000e+02
2.000000000000000000e+01
2.020000000000000000e+02
3.672000000000000000e+03
2.961000000000000000e+03
4.467000000000000000e+03
1.927000000000000000e+04
8.210000000000000000e+02
1.381000000000000000e+03
8.274000000000000000e+03
2.553000000000000000e+03
4.678000000000000000e+03
5.300000000000000000e+01
2.370000000000000000e+02
4.551000000000000000e+03
8.400000000000000000e+02
2.056000000000000000e+03
2.041000000000000000e+03
1.125000000000000000e+03
7.168000000000000000e+03
6.000000000000000000e+02
5.090000000000000000e+02
6.450000000000000000e+03
7.800000000000000000e+01
2.016000000000000000e+03
1.424000000000000000e+03
1.618000000000000000e+03
1.892000000000000000e+03
2.020000000000000000e+02
3.626000000000000000e+03
2.200000000000000000e+01
1.306000000000000000e+03
4.176000000000000000e+03
1.833000000000000000e+03
6.167000000000000000e+03
1.141900000000000000e+04
3.093000000000000000e+03
4.100000000000000000e+03
1.796000000000000000e+03
4.360000000000000000e+02
3.740000000000000000e+03
5.820000000000000000e+02
2.647000000000000000e+03
3.772000000000000000e+03
1.692000000000000000e+03
6.362000000000000000e+03
2.919000000000000000e+03
3.170000000000000000e+02
2.195000000000000000e+03
4.410000000000000000e+02
5.720000000000000000e+02
2.200000000000000000e+01
4.384000000000000000e+03
4.869000000000000000e+03
1.587000000000000000e+03
4.550000000000000000e+02
1.234000000000000000e+03
3.568000000000000000e+03
6.890000000000000000e+02
4.650000000000000000e+02
9.830000000000000000e+02
8.150000000000000000e+02
1.004000000000000000e+03
9.850000000000000000e+02
2.062000000000000000e+03
6.600000000000000000e+01
3.237000000000000000e+03
8.710000000000000000e+02
1.270000000000000000e+02
1.415000000000000000e+03
5.693000000000000000e+03
1.927000000000000000e+03
4.070000000000000000e+02
4.630000000000000000e+02
1.954000000000000000e+03
7.070000000000000000e+02
9.870000000000000000e+02
2.510000000000000000e+02
3.195000000000000000e+03
1.112800000000000000e+04
3.445000000000000000e+03
5.400000000000000000e+01
3.483000000000000000e+03
1.172000000000000000e+03
6.765000000000000000e+03
9.040000000000000000e+02
3.600000000000000000e+01
3.435000000000000000e+03
2.929000000000000000e+03
1.199000000000000000e+03
6.460000000000000000e+02
2.278000000000000000e+03
4.058000000000000000e+03
2.050000000000000000e+02
4.058000000000000000e+03
6.419000000000000000e+03
8.270000000000000000e+02
1.841000000000000000e+03
1.540000000000000000e+02
1.460000000000000000e+03
3.681000000000000000e+03
2.060000000000000000e+03
2.032000000000000000e+03
1.640000000000000000e+02
6.860000000000000000e+03
3.080000000000000000e+03
2.179000000000000000e+03
5.047000000000000000e+03
2.570000000000000000e+02
1.283000000000000000e+03
2.200000000000000000e+03
4.352000000000000000e+04
8.472000000000000000e+03
3.260000000000000000e+02
1.183000000000000000e+04
4.072000000000000000e+03
3.220000000000000000e+02
1.413000000000000000e+03
7.930000000000000000e+02
4.875000000000000000e+03
2.557000000000000000e+03
4.416000000000000000e+03
9.500000000000000000e+02
2.728000000000000000e+03
1.021000000000000000e+03
5.848000000000000000e+03
4.992000000000000000e+03
9.780000000000000000e+02
4.696000000000000000e+03
2.385000000000000000e+03
1.629000000000000000e+03
1.690000000000000000e+03
3.627000000000000000e+03
1.899000000000000000e+03
4.426000000000000000e+03
2.036000000000000000e+03
1.983000000000000000e+03
1.930000000000000000e+02
2.740000000000000000e+03
3.050000000000000000e+02
2.910000000000000000e+03
5.023000000000000000e+03
1.269000000000000000e+03
3.771000000000000000e+03
3.439000000000000000e+03
8.770000000000000000e+02
2.210000000000000000e+02
1.847000000000000000e+03
1.032000000000000000e+03
3.060000000000000000e+02
2.060000000000000000e+02
1.950000000000000000e+02
1.970000000000000000e+03
1.445000000000000000e+03
8.640000000000000000e+02
4.064000000000000000e+03
9.810000000000000000e+02
7.160000000000000000e+02
1.821000000000000000e+03
1.680000000000000000e+02
3.792000000000000000e+03
1.096000000000000000e+03
2.183000000000000000e+03
5.660000000000000000e+03
1.589300000000000000e+04
3.367000000000000000e+03
4.510000000000000000e+02
1.900000000000000000e+02
8.320000000000000000e+02
3.604000000000000000e+03
6.694000000000000000e+03
3.300000000000000000e+01
2.685000000000000000e+03
9.500000000000000000e+02
1.506000000000000000e+03
2.266000000000000000e+03
9.750000000000000000e+02
8.950000000000000000e+02
1.774000000000000000e+03
4.762000000000000000e+03
1.396000000000000000e+03
3.830000000000000000e+02
5.920000000000000000e+02
1.601000000000000000e+03
5.000000000000000000e+02
9.110000000000000000e+02
5.220000000000000000e+02
2.639000000000000000e+03
1.199000000000000000e+03
3.334000000000000000e+03
3.890000000000000000e+02
5.074000000000000000e+03
1.568000000000000000e+03
9.170000000000000000e+02
4.916000000000000000e+03
6.070000000000000000e+02
8.640000000000000000e+02
7.650000000000000000e+02
3.658000000000000000e+03
6.010000000000000000e+02
2.444000000000000000e+03
2.453000000000000000e+03
7.010000000000000000e+02
1.010000000000000000e+02
5.720000000000000000e+02
5.260000000000000000e+02
5.730000000000000000e+03
2.506000000000000000e+03
1.749000000000000000e+03
2.866000000000000000e+03
5.120000000000000000e+02
3.803000000000000000e+03
3.800000000000000000e+01
1.374500000000000000e+04
1.368000000000000000e+03
3.314000000000000000e+03
4.783000000000000000e+03
2.783000000000000000e+03
2.331000000000000000e+03
4.880000000000000000e+03
3.630000000000000000e+02
4.793000000000000000e+03
4.510000000000000000e+02
4.848000000000000000e+03
3.260000000000000000e+02
1.310000000000000000e+02
3.827000000000000000e+03
9.250000000000000000e+02
3.280000000000000000e+02
8.027000000000000000e+03
3.164000000000000000e+03
1.594000000000000000e+03
8.830000000000000000e+02
1.417000000000000000e+03
1.222800000000000000e+04
7.830000000000000000e+02
3.764000000000000000e+03
7.044000000000000000e+03
2.980000000000000000e+03
5.942000000000000000e+03
3.055000000000000000e+03
9.466000000000000000e+03
1.010000000000000000e+02
1.205600000000000000e+04
1.420000000000000000e+02
2.990000000000000000e+02
6.550000000000000000e+02
4.331000000000000000e+03
6.216000000000000000e+03
5.300000000000000000e+02
4.733000000000000000e+03
1.197400000000000000e+04
1.896000000000000000e+03
1.290700000000000000e+04
4.610000000000000000e+02
2.534000000000000000e+03
1.244000000000000000e+03
2.577000000000000000e+03
1.780000000000000000e+02
1.092000000000000000e+03
3.915000000000000000e+03
2.376000000000000000e+03
1.541000000000000000e+03
9.655000000000000000e+03
3.440000000000000000e+03
2.746000000000000000e+03
5.478000000000000000e+03
3.780000000000000000e+02
8.700000000000000000e+01
3.482000000000000000e+03
9.055000000000000000e+03
4.070000000000000000e+02
1.477000000000000000e+03
2.310000000000000000e+02
2.229000000000000000e+03
7.094000000000000000e+03
2.570000000000000000e+02
1.571000000000000000e+03
7.410000000000000000e+02
5.574000000000000000e+03
8.550000000000000000e+02
1.221100000000000000e+04
4.021000000000000000e+03
3.013000000000000000e+03
5.850000000000000000e+02
1.320000000000000000e+02
2.379000000000000000e+03
3.990000000000000000e+03
1.470000000000000000e+03
1.252200000000000000e+04
2.674000000000000000e+03
1.030000000000000000e+02
2.854000000000000000e+03
1.044000000000000000e+04
6.930000000000000000e+02
3.654000000000000000e+03
2.047000000000000000e+03
1.888000000000000000e+03
2.572000000000000000e+03
3.680000000000000000e+02
5.763000000000000000e+03
1.149200000000000000e+04
1.679900000000000000e+04
2.060000000000000000e+03
7.507000000000000000e+03
1.338000000000000000e+03
1.671000000000000000e+03
9.979000000000000000e+03
7.774000000000000000e+03
4.379000000000000000e+03
4.800000000000000000e+02
1.360000000000000000e+02
1.250000000000000000e+02
2.816000000000000000e+03
9.790000000000000000e+02
3.850000000000000000e+02
2.727000000000000000e+03
1.236000000000000000e+03
3.200000000000000000e+02
5.550000000000000000e+02
1.670000000000000000e+02
5.030000000000000000e+02
3.290000000000000000e+02
3.500000000000000000e+01
6.575000000000000000e+03
1.030000000000000000e+03
6.761000000000000000e+03
5.841000000000000000e+03
2.330000000000000000e+02
3.700000000000000000e+03
1.154000000000000000e+03
1.178000000000000000e+03
7.850000000000000000e+02
4.750000000000000000e+02
2.160000000000000000e+02
1.133000000000000000e+03
6.000000000000000000e+01
5.350000000000000000e+02
8.920000000000000000e+02
3.000000000000000000e+02
1.204000000000000000e+03
7.000000000000000000e+01
9.300000000000000000e+01
7.444000000000000000e+03
1.540000000000000000e+02
5.817000000000000000e+03
3.372000000000000000e+03
3.076000000000000000e+03
4.970000000000000000e+02
1.420000000000000000e+03
2.740000000000000000e+02
2.207000000000000000e+03
5.031000000000000000e+03
5.690000000000000000e+02
5.877000000000000000e+03
5.828000000000000000e+03
2.251000000000000000e+03
2.840000000000000000e+02
3.189000000000000000e+03
1.267000000000000000e+03
2.600000000000000000e+01
5.100000000000000000e+01
1.920000000000000000e+02
1.800000000000000000e+01
2.700000000000000000e+01
2.000000000000000000e+01
3.100000000000000000e+01
7.600000000000000000e+01
2.140000000000000000e+02
1.196000000000000000e+03
1.183000000000000000e+03
1.133000000000000000e+03
8.900000000000000000e+02
2.007000000000000000e+03
2.114000000000000000e+03
1.620000000000000000e+02
5.600000000000000000e+01
6.100000000000000000e+01
1.920000000000000000e+02
5.400000000000000000e+01
2.500000000000000000e+01
1.450000000000000000e+02
7.900000000000000000e+01
4.457000000000000000e+03
3.130000000000000000e+02
7.200000000000000000e+01
1.730000000000000000e+02
1.000000000000000000e+02
5.160000000000000000e+02
4.000000000000000000e+01
1.266000000000000000e+03
6.300000000000000000e+01
1.260000000000000000e+02
9.000000000000000000e+00
4.100000000000000000e+01
3.400000000000000000e+01
4.500000000000000000e+01
1.600000000000000000e+01
1.150000000000000000e+02
8.000000000000000000e+00
1.010000000000000000e+02
2.280000000000000000e+02
9.300000000000000000e+02
4.325000000000000000e+03
1.895000000000000000e+03
9.500000000000000000e+01
2.799000000000000000e+03
2.708000000000000000e+03
5.368000000000000000e+03
1.634000000000000000e+03
3.810000000000000000e+02
6.515000000000000000e+03
1.675000000000000000e+03
3.270000000000000000e+02
5.700000000000000000e+02
1.980000000000000000e+02
2.860000000000000000e+02
5.310000000000000000e+02
3.441000000000000000e+03
2.890000000000000000e+02
1.492000000000000000e+03
6.030000000000000000e+02
8.798000000000000000e+03
2.388000000000000000e+03
6.520000000000000000e+03
1.230000000000000000e+02
5.600000000000000000e+01
2.242000000000000000e+03
5.260000000000000000e+02
5.300000000000000000e+01
2.592000000000000000e+03
6.408000000000000000e+03
7.310000000000000000e+03
2.699000000000000000e+03
1.586000000000000000e+03
2.662000000000000000e+03
1.497000000000000000e+03
9.330000000000000000e+02
3.955000000000000000e+03
9.849000000000000000e+03
7.110000000000000000e+02
4.239000000000000000e+03
3.215000000000000000e+03
1.408000000000000000e+03
1.475600000000000000e+04
7.013000000000000000e+03
3.004000000000000000e+03
4.223000000000000000e+03
1.092000000000000000e+03
2.955000000000000000e+03
8.230000000000000000e+02
6.890000000000000000e+02
6.190000000000000000e+03
2.410000000000000000e+02
2.366000000000000000e+03
4.980000000000000000e+02
