2.157000000000000000e+03
1.044300000000000000e+04
1.575400000000000000e+04
1.040000000000000000e+02
4.354730000000000000e+05
7.024000000000000000e+03
7.300000000000000000e+02
9.520000000000000000e+02
5.622200000000000000e+04
2.053000000000000000e+03
1.100000000000000000e+01
1.710000000000000000e+02
1.209000000000000000e+03
1.984000000000000000e+03
2.824000000000000000e+03
2.126000000000000000e+03
6.990000000000000000e+02
2.551500000000000000e+04
2.325000000000000000e+03
8.180000000000000000e+02
2.158000000000000000e+03
7.589000000000000000e+03
1.390000000000000000e+03
1.090000000000000000e+04
2.390000000000000000e+02
1.235000000000000000e+03
1.828800000000000000e+04
8.540000000000000000e+02
1.644000000000000000e+03
4.670000000000000000e+02
1.193000000000000000e+03
1.687000000000000000e+03
1.967000000000000000e+03
6.357000000000000000e+03
1.419100000000000000e+04
1.709900000000000000e+04
2.272000000000000000e+03
3.450000000000000000e+03
2.720000000000000000e+02
7.738000000000000000e+03
2.965000000000000000e+03
3.125000000000000000e+03
1.910000000000000000e+03
6.028000000000000000e+03
5.709000000000000000e+03
2.626000000000000000e+03
5.223000000000000000e+03
6.760000000000000000e+02
6.966000000000000000e+03
1.114200000000000000e+04
3.029000000000000000e+03
2.016200000000000000e+04
1.288000000000000000e+03
1.260500000000000000e+04
6.130000000000000000e+03
1.576400000000000000e+04
2.787000000000000000e+03
8.360000000000000000e+03
1.381000000000000000e+03
5.115000000000000000e+03
1.180600000000000000e+04
2.068300000000000000e+04
4.840000000000000000e+02
2.889000000000000000e+03
2.131100000000000000e+04
1.872300000000000000e+04
2.969700000000000000e+04
2.939000000000000000e+03
