1.411179362000000000e+09
1.411181706000000000e+09
1.411184217000000000e+09
1.411185001000000000e+09
1.411185407000000000e+09
1.411187313000000000e+09
1.411187636000000000e+09
1.411189012000000000e+09
1.411189043000000000e+09
1.411190444000000000e+09
1.411192024000000000e+09
1.411192586000000000e+09
1.411192757000000000e+09
1.411199493000000000e+09
1.411199955000000000e+09
1.411200604000000000e+09
1.411201847000000000e+09
1.411209812000000000e+09
1.411209919000000000e+09
1.411210010000000000e+09
1.411210619000000000e+09
1.411210734000000000e+09
1.411214144000000000e+09
1.411214563000000000e+09
1.411214981000000000e+09
1.411215962000000000e+09
1.411216330000000000e+09
1.411216403000000000e+09
1.411216603000000000e+09
1.411219881000000000e+09
1.411220252000000000e+09
1.411222739000000000e+09
1.411223164000000000e+09
1.411223190000000000e+09
1.411223603000000000e+09
1.411225905000000000e+09
1.411226237000000000e+09
1.411227850000000000e+09
1.411231013000000000e+09
1.411232156000000000e+09
1.411234538000000000e+09
1.411235893000000000e+09
1.411236365000000000e+09
1.411236620000000000e+09
1.411236697000000000e+09
1.411237923000000000e+09
1.411238203000000000e+09
1.411239078000000000e+09
1.411239419000000000e+09
1.411239445000000000e+09
1.411239993000000000e+09
1.411242656000000000e+09
1.411244438000000000e+09
1.411246643000000000e+09
1.411246739000000000e+09
1.411247337000000000e+09
1.411248957000000000e+09
1.411249308000000000e+09
1.411250094000000000e+09
1.411250199000000000e+09
1.411251299000000000e+09
1.411251380000000000e+09
1.411253593000000000e+09
1.411253714000000000e+09
1.411254411000000000e+09
1.411255084000000000e+09
1.411255401000000000e+09
1.411255887000000000e+09
1.411264508000000000e+09
1.411264932000000000e+09
1.411265282000000000e+09
1.411265520000000000e+09
1.411268705000000000e+09
1.411269570000000000e+09
1.411270572000000000e+09
1.411273449000000000e+09
1.411273881000000000e+09
1.411274022000000000e+09
1.411275787000000000e+09
1.411276851000000000e+09
1.411276857000000000e+09
1.411277112000000000e+09
1.411277661000000000e+09
1.411279390000000000e+09
1.411279724000000000e+09
1.411281278000000000e+09
1.411285762000000000e+09
1.411286705000000000e+09
1.411287172000000000e+09
1.411288570000000000e+09
1.411290071000000000e+09
1.411290862000000000e+09
1.411291416000000000e+09
1.411292731000000000e+09
1.411292750000000000e+09
1.411293422000000000e+09
1.411296656000000000e+09
1.411298258000000000e+09
1.411298434000000000e+09
1.411299739000000000e+09
1.411299912000000000e+09
1.411299995000000000e+09
1.411300218000000000e+09
1.411302062000000000e+09
1.411304133000000000e+09
1.411305677000000000e+09
1.411307179000000000e+09
1.411307697000000000e+09
1.411307699000000000e+09
1.411308076000000000e+09
1.411311527000000000e+09
1.411311569000000000e+09
1.411314366000000000e+09
1.411318017000000000e+09
1.411318642000000000e+09
1.411318724000000000e+09
1.411318861000000000e+09
1.411319580000000000e+09
1.411320425000000000e+09
1.411321936000000000e+09
1.411323028000000000e+09
1.411323970000000000e+09
1.411324988000000000e+09
1.411327149000000000e+09
1.411327405000000000e+09
1.411327510000000000e+09
1.411331081000000000e+09
1.411332283000000000e+09
1.411333450000000000e+09
1.411333801000000000e+09
1.411334845000000000e+09
1.411334997000000000e+09
1.411336378000000000e+09
1.411337758000000000e+09
1.411337803000000000e+09
1.411338606000000000e+09
1.411340790000000000e+09
1.411341201000000000e+09
1.411341638000000000e+09
1.411342326000000000e+09
1.411342653000000000e+09
1.411345891000000000e+09
1.411346596000000000e+09
1.411346637000000000e+09
1.411346867000000000e+09
1.411348413000000000e+09
1.411348612000000000e+09
1.411348632000000000e+09
1.411349192000000000e+09
1.411350275000000000e+09
1.411350832000000000e+09
1.411351692000000000e+09
1.411351718000000000e+09
1.411355259000000000e+09
1.411355390000000000e+09
1.411356281000000000e+09
1.411357041000000000e+09
1.411357508000000000e+09
1.411360509000000000e+09
1.411362651000000000e+09
1.411369750000000000e+09
1.411371689000000000e+09
1.411374223000000000e+09
1.411374255000000000e+09
1.411376430000000000e+09
1.411377956000000000e+09
1.411377998000000000e+09
1.411378908000000000e+09
1.411379876000000000e+09
1.411380470000000000e+09
1.411380733000000000e+09
1.411381105000000000e+09
1.411382877000000000e+09
1.411383394000000000e+09
1.411383450000000000e+09
1.411384016000000000e+09
1.411385933000000000e+09
1.411386282000000000e+09
1.411387815000000000e+09
1.411388014000000000e+09
1.411388194000000000e+09
1.411388207000000000e+09
1.411392192000000000e+09
1.411394597000000000e+09
1.411394608000000000e+09
1.411394949000000000e+09
1.411398466000000000e+09
1.411399680000000000e+09
1.411400796000000000e+09
1.411400923000000000e+09
1.411401196000000000e+09
1.411401328000000000e+09
1.411401552000000000e+09
1.411405062000000000e+09
1.411405548000000000e+09
1.411406863000000000e+09
1.411407268000000000e+09
1.411409988000000000e+09
1.411413729000000000e+09
1.411416026000000000e+09
1.411421073000000000e+09
1.411421970000000000e+09
1.411424982000000000e+09
1.411425296000000000e+09
1.411429801000000000e+09
1.411430049000000000e+09
1.411430487000000000e+09
1.411434805000000000e+09
1.411435152000000000e+09
1.411436420000000000e+09
1.411438592000000000e+09
1.411438891000000000e+09
1.411438938000000000e+09
1.411439662000000000e+09
1.411440125000000000e+09
1.411441046000000000e+09
1.411441549000000000e+09
1.411442337000000000e+09
1.411443873000000000e+09
1.411444431000000000e+09
1.411445154000000000e+09
1.411445514000000000e+09
1.411446095000000000e+09
1.411452157000000000e+09
1.411453482000000000e+09
1.411454444000000000e+09
1.411457767000000000e+09
1.411461029000000000e+09
1.411461047000000000e+09
1.411461054000000000e+09
1.411463524000000000e+09
1.411465306000000000e+09
1.411468874000000000e+09
1.411469107000000000e+09
1.411469260000000000e+09
1.411470125000000000e+09
1.411471265000000000e+09
1.411472821000000000e+09
1.411475185000000000e+09
1.411475513000000000e+09
1.411477402000000000e+09
1.411483507000000000e+09
1.411483994000000000e+09
1.411484997000000000e+09
1.411485837000000000e+09
1.411490450000000000e+09
1.411491751000000000e+09
1.411494124000000000e+09
1.411494698000000000e+09
1.411495220000000000e+09
1.411495224000000000e+09
1.411497157000000000e+09
1.411499447000000000e+09
1.411500779000000000e+09
1.411503530000000000e+09
1.411505255000000000e+09
1.411505549000000000e+09
1.411505660000000000e+09
1.411505836000000000e+09
1.411506504000000000e+09
1.411507967000000000e+09
1.411508441000000000e+09
1.411509507000000000e+09
1.411509539000000000e+09
1.411513920000000000e+09
1.411514805000000000e+09
1.411515228000000000e+09
1.411518053000000000e+09
1.411519770000000000e+09
1.411520996000000000e+09
1.411523874000000000e+09
1.411524989000000000e+09
1.411527618000000000e+09
1.411529022000000000e+09
1.411529905000000000e+09
1.411531911000000000e+09
1.411541207000000000e+09
1.411541226000000000e+09
1.411541446000000000e+09
1.411541822000000000e+09
1.411543414000000000e+09
1.411545201000000000e+09
1.411545299000000000e+09
1.411549761000000000e+09
1.411550576000000000e+09
1.411553444000000000e+09
1.411554467000000000e+09
1.411554546000000000e+09
1.411554593000000000e+09
1.411555528000000000e+09
1.411556024000000000e+09
1.411556498000000000e+09
1.411557467000000000e+09
1.411557596000000000e+09
1.411558380000000000e+09
1.411565013000000000e+09
1.411569461000000000e+09
1.411571928000000000e+09
1.411572542000000000e+09
1.411573230000000000e+09
1.411574070000000000e+09
1.411574387000000000e+09
1.411574407000000000e+09
1.411574481000000000e+09
1.411575422000000000e+09
1.411576427000000000e+09
1.411576428000000000e+09
1.411576593000000000e+09
1.411577309000000000e+09
1.411581871000000000e+09
1.411582753000000000e+09
1.411584662000000000e+09
1.411585963000000000e+09
1.411587315000000000e+09
1.411587608000000000e+09
1.411588259000000000e+09
1.411589974000000000e+09
1.411590139000000000e+09
1.411591870000000000e+09
1.411592047000000000e+09
1.411594286000000000e+09
1.411594617000000000e+09
1.411596566000000000e+09
1.411597415000000000e+09
1.411597529000000000e+09
1.411599394000000000e+09
1.411599581000000000e+09
1.411599680000000000e+09
1.411602321000000000e+09
1.411602438000000000e+09
1.411604036000000000e+09
1.411604444000000000e+09
1.411607201000000000e+09
1.411608876000000000e+09
1.411609360000000000e+09
1.411609963000000000e+09
1.411610031000000000e+09
1.411610260000000000e+09
1.411612682000000000e+09
1.411612684000000000e+09
1.411613213000000000e+09
1.411613894000000000e+09
1.411614455000000000e+09
1.411620377000000000e+09
1.411621600000000000e+09
1.411625520000000000e+09
1.411625661000000000e+09
1.411628248000000000e+09
1.411629372000000000e+09
1.411629516000000000e+09
1.411632107000000000e+09
1.411639114000000000e+09
1.411639430000000000e+09
1.411639544000000000e+09
1.411641670000000000e+09
1.411643023000000000e+09
1.411643817000000000e+09
1.411644798000000000e+09
1.411647030000000000e+09
1.411647515000000000e+09
1.411650069000000000e+09
1.411650154000000000e+09
1.411651436000000000e+09
1.411652860000000000e+09
1.411652939000000000e+09
1.411654390000000000e+09
1.411656124000000000e+09
1.411656333000000000e+09
1.411659079000000000e+09
1.411660612000000000e+09
1.411661546000000000e+09
1.411661862000000000e+09
1.411662752000000000e+09
1.411662857000000000e+09
1.411663209000000000e+09
1.411665401000000000e+09
1.411666012000000000e+09
1.411666616000000000e+09
1.411667136000000000e+09
1.411667950000000000e+09
1.411668792000000000e+09
1.411669082000000000e+09
1.411670570000000000e+09
1.411671068000000000e+09
1.411675244000000000e+09
1.411675946000000000e+09
1.411676313000000000e+09
1.411676558000000000e+09
1.411680398000000000e+09
1.411681163000000000e+09
1.411691045000000000e+09
1.411691749000000000e+09
1.411695573000000000e+09
1.411696637000000000e+09
1.411696798000000000e+09
1.411697756000000000e+09
1.411699355000000000e+09
1.411700992000000000e+09
1.411707455000000000e+09
1.411708244000000000e+09
1.411709350000000000e+09
1.411710238000000000e+09
1.411713327000000000e+09
1.411714310000000000e+09
1.411718415000000000e+09
1.411749691000000000e+09
1.411749805000000000e+09
1.411750400000000000e+09
1.411750525000000000e+09
1.411751841000000000e+09
1.411753871000000000e+09
1.411754537000000000e+09
1.411758429000000000e+09
1.411764110000000000e+09
1.411764344000000000e+09
1.411764559000000000e+09
1.411766032000000000e+09
1.411766114000000000e+09
1.411767115000000000e+09
1.411768515000000000e+09
1.411768770000000000e+09
1.411771911000000000e+09
1.411772117000000000e+09
1.411772461000000000e+09
1.411772673000000000e+09
1.411773059000000000e+09
1.411773170000000000e+09
1.411776717000000000e+09
1.411776789000000000e+09
1.411777461000000000e+09
1.411777560000000000e+09
1.411779432000000000e+09
1.411779538000000000e+09
1.411780826000000000e+09
1.411782212000000000e+09
1.411788840000000000e+09
1.411789808000000000e+09
1.411789881000000000e+09
1.411791021000000000e+09
1.411791087000000000e+09
1.411791364000000000e+09
1.411793286000000000e+09
1.411793420000000000e+09
1.411794046000000000e+09
1.411804571000000000e+09
1.411806272000000000e+09
1.411806634000000000e+09
1.411807180000000000e+09
1.411808812000000000e+09
1.411809509000000000e+09
1.411810471000000000e+09
1.411811393000000000e+09
1.411813054000000000e+09
1.411817118000000000e+09
1.411818617000000000e+09
1.411822867000000000e+09
1.411826275000000000e+09
1.411828034000000000e+09
1.411828248000000000e+09
1.411829600000000000e+09
1.411830279000000000e+09
1.411830978000000000e+09
1.411831807000000000e+09
1.411833686000000000e+09
1.411836098000000000e+09
1.411837064000000000e+09
1.411837400000000000e+09
1.411837410000000000e+09
1.411839738000000000e+09
1.411842112000000000e+09
1.411842241000000000e+09
1.411846113000000000e+09
1.411846817000000000e+09
1.411846899000000000e+09
1.411850717000000000e+09
1.411852436000000000e+09
1.411853537000000000e+09
1.411853733000000000e+09
1.411854745000000000e+09
1.411857605000000000e+09
1.411857883000000000e+09
1.411858092000000000e+09
1.411858445000000000e+09
1.411859545000000000e+09
1.411866242000000000e+09
1.411867453000000000e+09
1.411869198000000000e+09
1.411870088000000000e+09
1.411872108000000000e+09
1.411872483000000000e+09
1.411874830000000000e+09
1.411876973000000000e+09
1.411878850000000000e+09
1.411880329000000000e+09
1.411880451000000000e+09
1.411881815000000000e+09
1.411882632000000000e+09
1.411884551000000000e+09
1.411890068000000000e+09
1.411891182000000000e+09
1.411891227000000000e+09
1.411892147000000000e+09
1.411894435000000000e+09
1.411897748000000000e+09
1.411901007000000000e+09
1.411904821000000000e+09
1.411906214000000000e+09
1.411906797000000000e+09
1.411906902000000000e+09
1.411908170000000000e+09
1.411909875000000000e+09
1.411910341000000000e+09
1.411910946000000000e+09
1.411913400000000000e+09
1.411913471000000000e+09
1.411914743000000000e+09
1.411914835000000000e+09
1.411918207000000000e+09
1.411921650000000000e+09
1.411923542000000000e+09
1.411924172000000000e+09
1.411924263000000000e+09
1.411924516000000000e+09
1.411927876000000000e+09
1.411929771000000000e+09
1.411931614000000000e+09
1.411931623000000000e+09
1.411932643000000000e+09
1.411934112000000000e+09
1.411938403000000000e+09
1.411940845000000000e+09
1.411941552000000000e+09
1.411944183000000000e+09
1.411947710000000000e+09
1.411950589000000000e+09
1.411951314000000000e+09
1.411951926000000000e+09
1.411952979000000000e+09
1.411953621000000000e+09
1.411954239000000000e+09
1.411954892000000000e+09
1.411958609000000000e+09
1.411960346000000000e+09
1.411960988000000000e+09
1.411962138000000000e+09
1.411963790000000000e+09
1.411964819000000000e+09
1.411965023000000000e+09
1.411965845000000000e+09
1.411967492000000000e+09
1.411967897000000000e+09
1.411972925000000000e+09
1.412007593000000000e+09
1.412008455000000000e+09
1.412009097000000000e+09
1.412009283000000000e+09
1.412009898000000000e+09
1.412011419000000000e+09
1.412013266000000000e+09
1.412014669000000000e+09
1.412019788000000000e+09
1.412021619000000000e+09
1.412024701000000000e+09
1.412025116000000000e+09
1.412025230000000000e+09
1.412027893000000000e+09
1.412028284000000000e+09
1.412029106000000000e+09
1.412034131000000000e+09
1.412034435000000000e+09
1.412034945000000000e+09
1.412035347000000000e+09
1.412035589000000000e+09
1.412037650000000000e+09
1.412042427000000000e+09
1.412043448000000000e+09
1.412044250000000000e+09
1.412044360000000000e+09
1.412045546000000000e+09
1.412048014000000000e+09
1.412048066000000000e+09
1.412048924000000000e+09
1.412050921000000000e+09
1.412052237000000000e+09
1.412052566000000000e+09
1.412053122000000000e+09
1.412055547000000000e+09
1.412062539000000000e+09
1.412062723000000000e+09
1.412064519000000000e+09
1.412064557000000000e+09
1.412065920000000000e+09
1.412067452000000000e+09
1.412074772000000000e+09
1.412077770000000000e+09
1.412078033000000000e+09
1.412078994000000000e+09
1.412081035000000000e+09
1.412082158000000000e+09
1.412083433000000000e+09
1.412085100000000000e+09
1.412087909000000000e+09
1.412089098000000000e+09
1.412090495000000000e+09
1.412092141000000000e+09
1.412094317000000000e+09
1.412096022000000000e+09
1.412096577000000000e+09
1.412098690000000000e+09
1.412098962000000000e+09
1.412100244000000000e+09
1.412101153000000000e+09
1.412103473000000000e+09
1.412103601000000000e+09
1.412104843000000000e+09
1.412105277000000000e+09
1.412105296000000000e+09
1.412105839000000000e+09
1.412107932000000000e+09
1.412110900000000000e+09
1.412111849000000000e+09
1.412113261000000000e+09
1.412113439000000000e+09
1.412121454000000000e+09
1.412123391000000000e+09
1.412124471000000000e+09
1.412125858000000000e+09
1.412126795000000000e+09
1.412126847000000000e+09
1.412128307000000000e+09
1.412129408000000000e+09
1.412131593000000000e+09
1.412132214000000000e+09
1.412133808000000000e+09
1.412134065000000000e+09
1.412135643000000000e+09
1.412137717000000000e+09
1.412137786000000000e+09
1.412141137000000000e+09
1.412142052000000000e+09
1.412143482000000000e+09
1.412143822000000000e+09
1.412146693000000000e+09
1.412147023000000000e+09
1.412147338000000000e+09
1.412148737000000000e+09
1.412149414000000000e+09
1.412263822000000000e+09
1.412265504000000000e+09
1.412266709000000000e+09
1.412267003000000000e+09
1.412270154000000000e+09
1.412270238000000000e+09
1.412271005000000000e+09
1.412271680000000000e+09
1.412273862000000000e+09
1.412274701000000000e+09
1.412277234000000000e+09
1.412277523000000000e+09
1.412277813000000000e+09
1.412283861000000000e+09
1.412287222000000000e+09
1.412288181000000000e+09
1.412294511000000000e+09
1.412294520000000000e+09
1.412296151000000000e+09
1.412296202000000000e+09
1.412296851000000000e+09
1.412298243000000000e+09
1.412299674000000000e+09
1.412303643000000000e+09
1.412303860000000000e+09
1.412303946000000000e+09
1.412304608000000000e+09
1.412304718000000000e+09
1.412305657000000000e+09
1.412305707000000000e+09
1.412306814000000000e+09
1.412308988000000000e+09
1.412309931000000000e+09
1.412311975000000000e+09
1.412312271000000000e+09
1.412313300000000000e+09
1.412314330000000000e+09
1.412316101000000000e+09
1.412316141000000000e+09
1.412316393000000000e+09
1.412317507000000000e+09
1.412318150000000000e+09
1.412318350000000000e+09
1.412319403000000000e+09
1.412319952000000000e+09
1.412321970000000000e+09
1.412323984000000000e+09
1.412324177000000000e+09
1.412325637000000000e+09
1.412326004000000000e+09
1.412328620000000000e+09
1.412333097000000000e+09
1.412334101000000000e+09
1.412334174000000000e+09
1.412334227000000000e+09
1.412335402000000000e+09
1.412336980000000000e+09
1.412346149000000000e+09
1.412346760000000000e+09
1.412348294000000000e+09
1.412348969000000000e+09
1.412353210000000000e+09
1.412356384000000000e+09
1.412356877000000000e+09
1.412360164000000000e+09
1.412360850000000000e+09
1.412361342000000000e+09
1.412362285000000000e+09
1.412365672000000000e+09
1.412373409000000000e+09
1.412377590000000000e+09
1.412378233000000000e+09
1.412379565000000000e+09
1.412381328000000000e+09
1.412385224000000000e+09
1.412388349000000000e+09
1.412389161000000000e+09
1.412389620000000000e+09
1.412391988000000000e+09
1.412392008000000000e+09
1.412392920000000000e+09
1.412393987000000000e+09
1.412394063000000000e+09
1.412394075000000000e+09
1.412398048000000000e+09
1.412402171000000000e+09
1.412402322000000000e+09
1.412405214000000000e+09
1.412406221000000000e+09
1.412410752000000000e+09
1.412423116000000000e+09
1.412426445000000000e+09
1.412426801000000000e+09
1.412427337000000000e+09
1.412427746000000000e+09
1.412428126000000000e+09
1.412433045000000000e+09
1.412434263000000000e+09
1.412437860000000000e+09
1.412442715000000000e+09
1.412445638000000000e+09
1.412445947000000000e+09
1.412446003000000000e+09
1.412446212000000000e+09
1.412446248000000000e+09
1.412448676000000000e+09
1.412448730000000000e+09
1.412449349000000000e+09
1.412449486000000000e+09
1.412450113000000000e+09
1.412453254000000000e+09
1.412453335000000000e+09
1.412454961000000000e+09
1.412455279000000000e+09
1.412457693000000000e+09
1.412458336000000000e+09
1.412459752000000000e+09
1.412460368000000000e+09
1.412461744000000000e+09
1.412461757000000000e+09
1.412462492000000000e+09
1.412465057000000000e+09
1.412469449000000000e+09
1.412471023000000000e+09
1.412472276000000000e+09
1.412474388000000000e+09
1.412474713000000000e+09
1.412476144000000000e+09
1.412476804000000000e+09
1.412477004000000000e+09
1.412478963000000000e+09
1.412481083000000000e+09
1.412482353000000000e+09
1.412482438000000000e+09
1.412483081000000000e+09
1.412485329000000000e+09
1.412486109000000000e+09
1.412486377000000000e+09
1.412486818000000000e+09
1.412486844000000000e+09
1.412489386000000000e+09
1.412489576000000000e+09
1.412490982000000000e+09
1.412491669000000000e+09
1.412493116000000000e+09
1.412493846000000000e+09
1.412497066000000000e+09
1.412501836000000000e+09
1.412504001000000000e+09
1.412504520000000000e+09
1.412508015000000000e+09
1.412511384000000000e+09
1.412514411000000000e+09
1.412516944000000000e+09
1.412520544000000000e+09
1.412524629000000000e+09
1.412526506000000000e+09
1.412529145000000000e+09
1.412532342000000000e+09
1.412532638000000000e+09
1.412535504000000000e+09
1.412537765000000000e+09
1.412538131000000000e+09
1.412540207000000000e+09
1.412542913000000000e+09
1.412543089000000000e+09
1.412544857000000000e+09
1.412545980000000000e+09
1.412547643000000000e+09
1.412547906000000000e+09
1.412548609000000000e+09
1.412550077000000000e+09
1.412550129000000000e+09
1.412551088000000000e+09
1.412551811000000000e+09
1.412552173000000000e+09
1.412552842000000000e+09
1.412554706000000000e+09
1.412556644000000000e+09
1.412556846000000000e+09
1.412558442000000000e+09
1.412559742000000000e+09
1.412559943000000000e+09
1.412560424000000000e+09
1.412561590000000000e+09
1.412565399000000000e+09
1.412567668000000000e+09
1.412568836000000000e+09
1.412570672000000000e+09
1.412573165000000000e+09
1.412575497000000000e+09
1.412577356000000000e+09
1.412600981000000000e+09
1.412604476000000000e+09
1.412604743000000000e+09
1.412605268000000000e+09
1.412605320000000000e+09
1.412610236000000000e+09
1.412613120000000000e+09
1.412614877000000000e+09
1.412615781000000000e+09
1.412619379000000000e+09
1.412620375000000000e+09
1.412622604000000000e+09
1.412623061000000000e+09
1.412625237000000000e+09
1.412625580000000000e+09
1.412631932000000000e+09
1.412634805000000000e+09
1.412637009000000000e+09
1.412637308000000000e+09
1.412637749000000000e+09
1.412638539000000000e+09
1.412639311000000000e+09
1.412640584000000000e+09
1.412642055000000000e+09
1.412642192000000000e+09
1.412642297000000000e+09
1.412643863000000000e+09
1.412644944000000000e+09
1.412648261000000000e+09
1.412648287000000000e+09
1.412649241000000000e+09
1.412652398000000000e+09
1.412655831000000000e+09
1.412659035000000000e+09
1.412659935000000000e+09
1.412659953000000000e+09
1.412661869000000000e+09
1.412663571000000000e+09
1.412664958000000000e+09
1.412665388000000000e+09
1.412665563000000000e+09
1.412665730000000000e+09
1.412666571000000000e+09
1.412667668000000000e+09
1.412667881000000000e+09
1.412669094000000000e+09
1.412669625000000000e+09
1.412678274000000000e+09
1.412679291000000000e+09
1.412680607000000000e+09
1.412682162000000000e+09
1.412683288000000000e+09
1.412687032000000000e+09
1.412687934000000000e+09
1.412687945000000000e+09
1.412689641000000000e+09
1.412689961000000000e+09
1.412692840000000000e+09
1.412694313000000000e+09
1.412695474000000000e+09
1.412695858000000000e+09
1.412697486000000000e+09
1.412699188000000000e+09
1.412699361000000000e+09
1.412699381000000000e+09
1.412702011000000000e+09
1.412702262000000000e+09
1.412702315000000000e+09
1.412703516000000000e+09
1.412705103000000000e+09
1.412707230000000000e+09
1.412707923000000000e+09
1.412713078000000000e+09
1.412714034000000000e+09
1.412715796000000000e+09
1.412723335000000000e+09
1.412723843000000000e+09
1.412724876000000000e+09
1.412726102000000000e+09
1.412726182000000000e+09
1.412729007000000000e+09
1.412729318000000000e+09
1.412730544000000000e+09
1.412731398000000000e+09
1.412731974000000000e+09
1.412733205000000000e+09
1.412735021000000000e+09
1.412739909000000000e+09
1.412740308000000000e+09
1.412741213000000000e+09
1.412742480000000000e+09
1.412743109000000000e+09
1.412743905000000000e+09
1.412745970000000000e+09
1.412746210000000000e+09
1.412746853000000000e+09
1.412746925000000000e+09
1.412748731000000000e+09
1.412753724000000000e+09
1.412761558000000000e+09
1.412761996000000000e+09
1.412763068000000000e+09
1.412764297000000000e+09
1.412767408000000000e+09
1.412769456000000000e+09
1.412769718000000000e+09
1.412770416000000000e+09
1.412773345000000000e+09
1.412775207000000000e+09
1.412779543000000000e+09
1.412781885000000000e+09
1.412782593000000000e+09
1.412785841000000000e+09
1.412789995000000000e+09
1.412791938000000000e+09
1.412796283000000000e+09
1.412797767000000000e+09
1.412799804000000000e+09
1.412809330000000000e+09
1.412810017000000000e+09
1.412811586000000000e+09
1.412811648000000000e+09
1.412815535000000000e+09
1.412817852000000000e+09
1.412819328000000000e+09
1.412821015000000000e+09
1.412821171000000000e+09
1.412824006000000000e+09
1.412824265000000000e+09
1.412827333000000000e+09
1.412827437000000000e+09
1.412828711000000000e+09
1.412829609000000000e+09
1.412830088000000000e+09
1.412832231000000000e+09
1.412833121000000000e+09
1.412836139000000000e+09
1.412836439000000000e+09
1.412838963000000000e+09
1.412839188000000000e+09
1.412839984000000000e+09
1.412841273000000000e+09
1.412841519000000000e+09
1.412841557000000000e+09
1.412849259000000000e+09
1.412855803000000000e+09
1.412857183000000000e+09
1.412860533000000000e+09
1.412861754000000000e+09
1.412862574000000000e+09
1.412869586000000000e+09
1.412878061000000000e+09
1.412879378000000000e+09
1.412880042000000000e+09
1.412880267000000000e+09
1.412880418000000000e+09
1.412882681000000000e+09
1.412883424000000000e+09
1.412883764000000000e+09
1.412886617000000000e+09
1.412887357000000000e+09
1.412888572000000000e+09
1.412890660000000000e+09
1.412894906000000000e+09
1.412903608000000000e+09
1.412906352000000000e+09
1.412907340000000000e+09
1.412909242000000000e+09
1.412909478000000000e+09
1.412910255000000000e+09
1.412910838000000000e+09
1.412915074000000000e+09
1.412916810000000000e+09
1.412918044000000000e+09
1.412919864000000000e+09
1.412921980000000000e+09
1.412922595000000000e+09
1.412925877000000000e+09
1.412927706000000000e+09
1.412927850000000000e+09
1.412928202000000000e+09
1.412928330000000000e+09
1.412930815000000000e+09
1.412938170000000000e+09
1.412940321000000000e+09
1.412942982000000000e+09
1.412943227000000000e+09
1.412943789000000000e+09
1.412945591000000000e+09
1.412946593000000000e+09
1.412948461000000000e+09
1.412949676000000000e+09
1.412950464000000000e+09
1.412951608000000000e+09
1.412959498000000000e+09
1.412962218000000000e+09
1.412962782000000000e+09
1.412972366000000000e+09
1.412973052000000000e+09
1.412979528000000000e+09
1.412980604000000000e+09
1.412981110000000000e+09
1.412985791000000000e+09
1.412987419000000000e+09
1.412987583000000000e+09
1.412988248000000000e+09
1.412993015000000000e+09
1.412999073000000000e+09
1.412999874000000000e+09
1.412999973000000000e+09
1.413001689000000000e+09
1.413003078000000000e+09
1.413004714000000000e+09
1.413004979000000000e+09
1.413009503000000000e+09
1.413010369000000000e+09
1.413019631000000000e+09
1.413020339000000000e+09
1.413021215000000000e+09
1.413022037000000000e+09
1.413023245000000000e+09
1.413023935000000000e+09
1.413024596000000000e+09
1.413028439000000000e+09
1.413028536000000000e+09
1.413029312000000000e+09
1.413029333000000000e+09
1.413033077000000000e+09
1.413036904000000000e+09
1.413040342000000000e+09
1.413041020000000000e+09
1.413041760000000000e+09
1.413044396000000000e+09
1.413047715000000000e+09
1.413049474000000000e+09
1.413054837000000000e+09
1.413056778000000000e+09
1.413057031000000000e+09
1.413057185000000000e+09
1.413057234000000000e+09
1.413057675000000000e+09
1.413058445000000000e+09
1.413058612000000000e+09
1.413061736000000000e+09
1.413062776000000000e+09
1.413063542000000000e+09
1.413064671000000000e+09
1.413065012000000000e+09
1.413067029000000000e+09
1.413069152000000000e+09
1.413070665000000000e+09
1.413073807000000000e+09
1.413075668000000000e+09
1.413075727000000000e+09
1.413078733000000000e+09
1.413081503000000000e+09
1.413082033000000000e+09
1.413083892000000000e+09
1.413086813000000000e+09
1.413087676000000000e+09
1.413090551000000000e+09
1.413091918000000000e+09
1.413092058000000000e+09
1.413094487000000000e+09
1.413098351000000000e+09
1.413099379000000000e+09
1.413099785000000000e+09
1.413101657000000000e+09
1.413103630000000000e+09
1.413105438000000000e+09
1.413107759000000000e+09
1.413110832000000000e+09
1.413112716000000000e+09
1.413115864000000000e+09
1.413116903000000000e+09
1.413116965000000000e+09
1.413118028000000000e+09
1.413124751000000000e+09
1.413129129000000000e+09
1.413131634000000000e+09
1.413133639000000000e+09
1.413136269000000000e+09
1.413136940000000000e+09
1.413137323000000000e+09
1.413138283000000000e+09
1.413138391000000000e+09
1.413138848000000000e+09
1.413140981000000000e+09
1.413141108000000000e+09
1.413141136000000000e+09
1.413142082000000000e+09
1.413142760000000000e+09
1.413143707000000000e+09
1.413145450000000000e+09
1.413147442000000000e+09
1.413148625000000000e+09
1.413149086000000000e+09
1.413150987000000000e+09
1.413151811000000000e+09
1.413155335000000000e+09
1.413156480000000000e+09
1.413158693000000000e+09
1.413161043000000000e+09
1.413165951000000000e+09
1.413168825000000000e+09
1.413178153000000000e+09
1.413179178000000000e+09
1.413180147000000000e+09
1.413182926000000000e+09
1.413182989000000000e+09
1.413186730000000000e+09
1.413191187000000000e+09
1.413196039000000000e+09
1.413197195000000000e+09
1.413197614000000000e+09
1.413199665000000000e+09
1.413207163000000000e+09
1.413207819000000000e+09
1.413208749000000000e+09
1.413211005000000000e+09
1.413211340000000000e+09
