1.406280320000000000e+09
1.406281690000000000e+09
1.406282926000000000e+09
1.406292987000000000e+09
1.406294657000000000e+09
1.406296202000000000e+09
1.406296389000000000e+09
1.406301123000000000e+09
1.406302246000000000e+09
1.406506711000000000e+09
1.406506758000000000e+09
1.406508055000000000e+09
1.406509493000000000e+09
1.406511577000000000e+09
1.406513256000000000e+09
1.406514173000000000e+09
1.406515127000000000e+09
1.406515177000000000e+09
1.406515395000000000e+09
1.406515677000000000e+09
1.406515758000000000e+09
1.406515913000000000e+09
1.406515949000000000e+09
1.406516492000000000e+09
1.406516576000000000e+09
1.406517020000000000e+09
1.406517033000000000e+09
1.406540122000000000e+09
1.406540128000000000e+09
1.406540388000000000e+09
1.406540585000000000e+09
1.406540860000000000e+09
1.406540871000000000e+09
1.406540914000000000e+09
1.406540917000000000e+09
1.406541203000000000e+09
1.406544112000000000e+09
1.406545185000000000e+09
1.406548083000000000e+09
1.406548097000000000e+09
1.406549698000000000e+09
1.406552687000000000e+09
1.406556157000000000e+09
1.406556806000000000e+09
1.406557660000000000e+09
1.406559117000000000e+09
1.406559174000000000e+09
1.406559268000000000e+09
1.406559380000000000e+09
1.406560052000000000e+09
1.406560165000000000e+09
1.406560743000000000e+09
1.406565306000000000e+09
1.406565829000000000e+09
1.406565935000000000e+09
1.406567696000000000e+09
1.406569306000000000e+09
1.406569494000000000e+09
1.406573632000000000e+09
1.406574675000000000e+09
1.406575489000000000e+09
1.406578674000000000e+09
1.406584085000000000e+09
1.406585259000000000e+09
1.406585772000000000e+09
1.406587753000000000e+09
1.406594196000000000e+09
1.406595155000000000e+09
1.406598111000000000e+09
1.406598114000000000e+09
1.406598536000000000e+09
1.406599497000000000e+09
1.406600307000000000e+09
1.406600742000000000e+09
1.406601116000000000e+09
1.406604102000000000e+09
1.406604486000000000e+09
1.406604583000000000e+09
1.406605481000000000e+09
1.406607271000000000e+09
1.406607817000000000e+09
1.406611434000000000e+09
1.406611839000000000e+09
1.406614254000000000e+09
1.406617517000000000e+09
1.406628169000000000e+09
1.406732173000000000e+09
1.406733981000000000e+09
1.406734791000000000e+09
1.406735105000000000e+09
1.406735384000000000e+09
1.406735663000000000e+09
1.406738062000000000e+09
1.406740322000000000e+09
1.406741557000000000e+09
1.406745375000000000e+09
1.406748618000000000e+09
1.406751165000000000e+09
1.406751459000000000e+09
1.406751559000000000e+09
1.406752539000000000e+09
1.406754628000000000e+09
1.406755471000000000e+09
1.406756414000000000e+09
1.406757025000000000e+09
1.406757518000000000e+09
1.406758104000000000e+09
1.406761298000000000e+09
1.406765816000000000e+09
1.406766074000000000e+09
1.406767363000000000e+09
1.406768928000000000e+09
1.406770984000000000e+09
1.406774504000000000e+09
1.406774568000000000e+09
1.406778766000000000e+09
1.406778837000000000e+09
1.406779571000000000e+09
1.406780319000000000e+09
1.406781084000000000e+09
1.406783072000000000e+09
1.406784359000000000e+09
1.406784918000000000e+09
1.406788458000000000e+09
1.406789554000000000e+09
1.406791033000000000e+09
1.406792781000000000e+09
1.407490976000000000e+09
1.407491193000000000e+09
1.407491464000000000e+09
1.407491661000000000e+09
1.407494372000000000e+09
1.407495614000000000e+09
1.407498209000000000e+09
1.407500756000000000e+09
1.407506293000000000e+09
1.407509885000000000e+09
1.407510958000000000e+09
1.407512561000000000e+09
1.407514822000000000e+09
1.407519051000000000e+09
1.407519682000000000e+09
1.407519923000000000e+09
1.407529411000000000e+09
1.407533605000000000e+09
1.407533777000000000e+09
1.407537713000000000e+09
1.407538167000000000e+09
1.407538848000000000e+09
1.407539853000000000e+09
1.407541051000000000e+09
1.407543171000000000e+09
1.407546908000000000e+09
1.407547513000000000e+09
1.407547533000000000e+09
1.407547735000000000e+09
1.407551407000000000e+09
1.407554368000000000e+09
1.407558835000000000e+09
1.407578105000000000e+09
1.407578926000000000e+09
1.407580307000000000e+09
1.407588581000000000e+09
1.407591134000000000e+09
1.407595812000000000e+09
1.407595865000000000e+09
1.407596102000000000e+09
1.407600653000000000e+09
1.407601493000000000e+09
1.407603549000000000e+09
1.407605590000000000e+09
1.407606715000000000e+09
1.407613883000000000e+09
1.407614483000000000e+09
1.407614992000000000e+09
1.407621442000000000e+09
1.407621520000000000e+09
1.407623536000000000e+09
1.407624960000000000e+09
1.407626578000000000e+09
1.407628470000000000e+09
1.407628672000000000e+09
1.407632298000000000e+09
1.407632320000000000e+09
1.407633626000000000e+09
1.407637802000000000e+09
1.407639635000000000e+09
1.407645802000000000e+09
1.407657221000000000e+09
1.407660314000000000e+09
1.407664414000000000e+09
1.407666210000000000e+09
1.407666646000000000e+09
1.407670386000000000e+09
1.407670968000000000e+09
1.407673615000000000e+09
1.407677387000000000e+09
1.407679079000000000e+09
1.407685441000000000e+09
1.407688360000000000e+09
1.407688677000000000e+09
1.407690872000000000e+09
1.407691313000000000e+09
1.407691885000000000e+09
1.407691907000000000e+09
1.407696291000000000e+09
1.407701160000000000e+09
1.407702747000000000e+09
1.407703202000000000e+09
1.407704436000000000e+09
1.407708004000000000e+09
1.407708693000000000e+09
1.407709158000000000e+09
1.407710141000000000e+09
1.407710956000000000e+09
1.407711960000000000e+09
1.407712945000000000e+09
1.407715007000000000e+09
1.407715073000000000e+09
1.407718310000000000e+09
1.407719181000000000e+09
1.407719308000000000e+09
1.407720723000000000e+09
1.407726416000000000e+09
1.407728343000000000e+09
1.407728750000000000e+09
1.407729213000000000e+09
1.407731167000000000e+09
1.407731874000000000e+09
1.407732861000000000e+09
1.407733112000000000e+09
1.407736307000000000e+09
1.407747435000000000e+09
1.407750880000000000e+09
1.407750934000000000e+09
1.407754417000000000e+09
1.407755589000000000e+09
1.407762354000000000e+09
1.407763258000000000e+09
1.407763294000000000e+09
1.407766729000000000e+09
1.407769658000000000e+09
1.407770857000000000e+09
1.407771503000000000e+09
1.407773781000000000e+09
1.407777839000000000e+09
1.407778044000000000e+09
1.407782102000000000e+09
1.407788521000000000e+09
1.407789348000000000e+09
1.407791189000000000e+09
1.407791343000000000e+09
1.407792803000000000e+09
1.407796484000000000e+09
1.407798544000000000e+09
1.407800576000000000e+09
1.407800740000000000e+09
1.407807600000000000e+09
1.407810680000000000e+09
1.407812859000000000e+09
1.407817906000000000e+09
1.407818163000000000e+09
1.407819446000000000e+09
1.407821646000000000e+09
1.407865166000000000e+09
1.407873638000000000e+09
1.407873964000000000e+09
1.407885794000000000e+09
1.407889866000000000e+09
1.407890188000000000e+09
1.407891601000000000e+09
1.407892394000000000e+09
1.407897269000000000e+09
1.407899826000000000e+09
1.407904242000000000e+09
1.407905192000000000e+09
1.407907920000000000e+09
1.407908941000000000e+09
1.407914789000000000e+09
1.407919781000000000e+09
1.407920759000000000e+09
1.407925455000000000e+09
1.407927840000000000e+09
1.407929469000000000e+09
1.407931159000000000e+09
1.407934786000000000e+09
1.407936685000000000e+09
1.407941111000000000e+09
1.407943147000000000e+09
1.407945130000000000e+09
1.407945323000000000e+09
1.407948063000000000e+09
1.407948368000000000e+09
1.407951278000000000e+09
1.407956301000000000e+09
1.407957570000000000e+09
1.407961341000000000e+09
1.407964780000000000e+09
1.407965657000000000e+09
1.407965878000000000e+09
1.407967725000000000e+09
1.407968757000000000e+09
1.407969063000000000e+09
1.407969269000000000e+09
1.407969464000000000e+09
1.407971434000000000e+09
1.407972879000000000e+09
1.407973743000000000e+09
1.407977807000000000e+09
1.407978788000000000e+09
1.407979504000000000e+09
1.407981325000000000e+09
1.407981493000000000e+09
1.407985285000000000e+09
1.407986381000000000e+09
1.407988564000000000e+09
1.407994224000000000e+09
1.408010117000000000e+09
1.408013484000000000e+09
1.408013935000000000e+09
1.408014125000000000e+09
1.408014957000000000e+09
1.408018561000000000e+09
1.408025255000000000e+09
1.408025288000000000e+09
1.408027973000000000e+09
1.408028923000000000e+09
1.408030429000000000e+09
1.408032695000000000e+09
1.408033670000000000e+09
1.408034565000000000e+09
1.408036339000000000e+09
1.408041101000000000e+09
1.408042497000000000e+09
1.408042880000000000e+09
1.408043472000000000e+09
1.408045073000000000e+09
1.408045573000000000e+09
1.408046484000000000e+09
1.408047006000000000e+09
1.408049645000000000e+09
1.408050844000000000e+09
1.408054178000000000e+09
1.408054567000000000e+09
1.408059641000000000e+09
1.408061209000000000e+09
1.408062126000000000e+09
1.408067042000000000e+09
1.408067649000000000e+09
1.408068513000000000e+09
1.408069278000000000e+09
1.408072936000000000e+09
1.408073537000000000e+09
1.408075981000000000e+09
1.408078434000000000e+09
1.408079135000000000e+09
1.408079236000000000e+09
1.408079808000000000e+09
1.408080334000000000e+09
1.408086064000000000e+09
1.408088570000000000e+09
1.408090319000000000e+09
1.408093185000000000e+09
1.408093697000000000e+09
1.408097500000000000e+09
1.408097538000000000e+09
1.408111283000000000e+09
1.408112651000000000e+09
1.408115965000000000e+09
1.408120748000000000e+09
1.408123531000000000e+09
1.408125862000000000e+09
1.408130742000000000e+09
1.408131105000000000e+09
1.408135898000000000e+09
1.408136349000000000e+09
1.408141197000000000e+09
1.408141523000000000e+09
1.408141654000000000e+09
1.408145481000000000e+09
1.408146406000000000e+09
1.408146734000000000e+09
1.408154761000000000e+09
1.408157925000000000e+09
1.408159519000000000e+09
1.408160402000000000e+09
1.408161819000000000e+09
1.408174047000000000e+09
1.408174830000000000e+09
1.408178594000000000e+09
1.408185638000000000e+09
1.408188618000000000e+09
1.408194560000000000e+09
1.408197615000000000e+09
1.408207081000000000e+09
1.408207182000000000e+09
1.408219238000000000e+09
1.408219380000000000e+09
1.408219679000000000e+09
1.408220334000000000e+09
1.408224665000000000e+09
1.408230881000000000e+09
1.408231411000000000e+09
1.408236144000000000e+09
1.408248118000000000e+09
1.408250014000000000e+09
1.408262921000000000e+09
1.408263382000000000e+09
1.408265916000000000e+09
1.408267160000000000e+09
1.408269737000000000e+09
1.408269915000000000e+09
1.408271007000000000e+09
1.408274922000000000e+09
1.408277298000000000e+09
1.408278839000000000e+09
1.408288494000000000e+09
1.408291934000000000e+09
1.408294680000000000e+09
1.408300158000000000e+09
1.408300536000000000e+09
1.408300623000000000e+09
1.408304105000000000e+09
1.408313160000000000e+09
1.408313567000000000e+09
1.408315044000000000e+09
1.408315275000000000e+09
1.408317504000000000e+09
1.408324598000000000e+09
1.408324855000000000e+09
1.408326426000000000e+09
1.408327167000000000e+09
1.408332741000000000e+09
1.408333596000000000e+09
1.408345807000000000e+09
1.408349828000000000e+09
1.408352841000000000e+09
1.408353426000000000e+09
1.408353558000000000e+09
1.408355937000000000e+09
1.408359927000000000e+09
1.408361397000000000e+09
1.408373919000000000e+09
1.408376593000000000e+09
1.408376696000000000e+09
1.408379550000000000e+09
1.408389990000000000e+09
1.408390683000000000e+09
1.408394337000000000e+09
1.408396384000000000e+09
1.408398272000000000e+09
1.408400844000000000e+09
1.408401212000000000e+09
1.408406975000000000e+09
1.408418467000000000e+09
1.408435266000000000e+09
1.408437326000000000e+09
1.408444833000000000e+09
1.408446171000000000e+09
1.408447842000000000e+09
1.408457821000000000e+09
1.408465595000000000e+09
1.408469974000000000e+09
1.408470454000000000e+09
1.408470590000000000e+09
1.408470715000000000e+09
1.408473531000000000e+09
1.408474510000000000e+09
1.408474895000000000e+09
1.408477622000000000e+09
1.408478858000000000e+09
1.408479178000000000e+09
1.408479733000000000e+09
1.408479900000000000e+09
1.408480403000000000e+09
1.408480732000000000e+09
1.408480767000000000e+09
1.408487342000000000e+09
1.408488372000000000e+09
1.408495133000000000e+09
1.408500974000000000e+09
1.408501207000000000e+09
1.408504907000000000e+09
1.408506061000000000e+09
1.408507239000000000e+09
1.408508024000000000e+09
1.408508499000000000e+09
1.408508715000000000e+09
1.408509848000000000e+09
1.408509908000000000e+09
1.408510443000000000e+09
1.408511335000000000e+09
1.408511635000000000e+09
1.408512839000000000e+09
1.408512909000000000e+09
1.408513002000000000e+09
1.408520446000000000e+09
1.408520600000000000e+09
1.408526417000000000e+09
1.408529789000000000e+09
1.408532865000000000e+09
1.408533362000000000e+09
1.408534782000000000e+09
1.408535056000000000e+09
1.408537263000000000e+09
1.408542294000000000e+09
1.408542863000000000e+09
1.408548740000000000e+09
1.408554568000000000e+09
1.408556819000000000e+09
1.408557103000000000e+09
1.408560292000000000e+09
1.408561559000000000e+09
1.408561585000000000e+09
1.408561636000000000e+09
1.408561828000000000e+09
1.408561846000000000e+09
1.408561873000000000e+09
1.408561893000000000e+09
1.408561924000000000e+09
1.408562000000000000e+09
1.408562214000000000e+09
1.408563410000000000e+09
1.408564593000000000e+09
1.408565726000000000e+09
1.408566616000000000e+09
1.408568623000000000e+09
1.408570737000000000e+09
1.408570899000000000e+09
1.408570955000000000e+09
1.408571016000000000e+09
1.408571208000000000e+09
1.408571262000000000e+09
1.408571287000000000e+09
1.408571432000000000e+09
1.408571511000000000e+09
1.408575968000000000e+09
1.408576281000000000e+09
1.408576353000000000e+09
1.408576526000000000e+09
1.408576626000000000e+09
1.408577142000000000e+09
1.408577182000000000e+09
1.408578448000000000e+09
1.408578511000000000e+09
1.408578637000000000e+09
1.408578646000000000e+09
1.408578687000000000e+09
1.408578721000000000e+09
1.408578766000000000e+09
1.408578782000000000e+09
1.408578897000000000e+09
1.408578905000000000e+09
1.408579006000000000e+09
1.408579234000000000e+09
1.408580164000000000e+09
1.408584489000000000e+09
1.408586384000000000e+09
1.408586479000000000e+09
1.408589278000000000e+09
1.408591986000000000e+09
1.408597354000000000e+09
1.408598988000000000e+09
1.408599369000000000e+09
1.408605884000000000e+09
1.408607559000000000e+09
1.408607886000000000e+09
1.408608456000000000e+09
1.408608654000000000e+09
1.408608940000000000e+09
1.408609471000000000e+09
1.408612912000000000e+09
1.408613201000000000e+09
1.408614693000000000e+09
1.408615296000000000e+09
1.408624094000000000e+09
1.408626482000000000e+09
1.408633002000000000e+09
1.408633125000000000e+09
1.408633181000000000e+09
1.408635423000000000e+09
1.408635949000000000e+09
1.408636002000000000e+09
1.408638594000000000e+09
1.408645002000000000e+09
1.408652312000000000e+09
1.408655011000000000e+09
1.408656597000000000e+09
1.408659259000000000e+09
1.408660756000000000e+09
1.408661689000000000e+09
1.408665644000000000e+09
1.408675493000000000e+09
1.408676204000000000e+09
1.408680443000000000e+09
1.408683658000000000e+09
1.408685066000000000e+09
1.408699822000000000e+09
1.408706835000000000e+09
1.408709839000000000e+09
1.408714062000000000e+09
1.408715154000000000e+09
1.408718109000000000e+09
1.408718932000000000e+09
1.408719621000000000e+09
1.408725811000000000e+09
1.408726052000000000e+09
1.408728418000000000e+09
1.408728916000000000e+09
