3.190000000000000000e+02
6.000000000000000000e+01
1.336000000000000000e+03
7.490000000000000000e+02
4.880000000000000000e+02
2.179000000000000000e+03
4.259000000000000000e+03
3.650000000000000000e+03
1.754400000000000000e+04
1.157000000000000000e+03
9.580000000000000000e+02
3.456000000000000000e+03
5.620000000000000000e+02
4.510000000000000000e+02
4.900000000000000000e+01
1.380000000000000000e+02
8.624000000000000000e+03
2.977000000000000000e+03
5.854200000000000000e+05
2.710000000000000000e+02
8.680000000000000000e+02
7.300000000000000000e+01
3.369000000000000000e+03
1.030000000000000000e+03
2.393000000000000000e+03
2.520000000000000000e+03
3.441000000000000000e+03
8.544000000000000000e+03
4.510000000000000000e+02
1.687000000000000000e+03
8.029000000000000000e+03
4.130000000000000000e+02
1.486000000000000000e+03
2.910000000000000000e+02
1.764000000000000000e+03
1.632600000000000000e+04
3.058000000000000000e+03
1.272000000000000000e+03
2.658000000000000000e+03
4.010000000000000000e+02
4.610000000000000000e+02
6.950000000000000000e+02
1.138000000000000000e+03
1.668900000000000000e+04
2.135000000000000000e+03
1.167000000000000000e+03
2.411000000000000000e+03
1.350000000000000000e+03
3.460000000000000000e+02
1.735000000000000000e+03
4.786000000000000000e+03
4.210000000000000000e+02
4.396000000000000000e+03
1.354400000000000000e+04
1.188000000000000000e+03
1.409000000000000000e+03
1.063000000000000000e+03
9.746000000000000000e+03
2.470000000000000000e+02
4.539000000000000000e+03
1.900000000000000000e+01
2.239000000000000000e+03
8.715000000000000000e+03
9.140000000000000000e+02
1.933000000000000000e+03
1.566000000000000000e+03
3.523000000000000000e+03
5.799000000000000000e+03
2.368000000000000000e+03
1.180000000000000000e+03
2.060000000000000000e+02
1.850000000000000000e+03
4.892000000000000000e+03
3.728000000000000000e+03
7.900000000000000000e+01
1.400000000000000000e+01
6.000000000000000000e+01
5.098000000000000000e+03
1.479000000000000000e+03
2.571000000000000000e+03
2.090000000000000000e+03
1.091000000000000000e+03
9.050000000000000000e+02
4.430000000000000000e+02
7.548000000000000000e+03
4.720000000000000000e+02
2.728000000000000000e+03
1.002000000000000000e+03
2.120000000000000000e+02
1.194700000000000000e+04
1.148300000000000000e+04
6.378000000000000000e+03
1.925000000000000000e+03
2.324000000000000000e+03
5.680000000000000000e+02
2.960000000000000000e+02
5.945000000000000000e+03
2.890000000000000000e+02
9.720000000000000000e+02
4.310000000000000000e+02
1.743000000000000000e+03
8.070000000000000000e+02
3.570000000000000000e+02
2.300000000000000000e+01
3.200000000000000000e+01
7.060000000000000000e+02
8.820000000000000000e+02
4.433000000000000000e+03
1.170000000000000000e+03
3.580000000000000000e+02
3.639000000000000000e+03
1.216000000000000000e+03
6.750000000000000000e+02
1.259000000000000000e+03
1.908000000000000000e+03
2.221000000000000000e+03
3.910000000000000000e+03
5.818000000000000000e+03
7.646000000000000000e+03
1.803000000000000000e+03
3.030000000000000000e+02
5.880000000000000000e+03
2.636900000000000000e+04
1.415000000000000000e+03
2.600000000000000000e+02
2.830000000000000000e+03
1.716000000000000000e+03
1.223000000000000000e+03
4.937000000000000000e+03
1.052000000000000000e+03
5.539000000000000000e+03
9.706000000000000000e+03
1.717000000000000000e+03
1.007000000000000000e+03
1.760000000000000000e+03
3.789000000000000000e+03
1.057000000000000000e+03
7.700000000000000000e+02
1.399400000000000000e+04
7.560000000000000000e+02
5.314000000000000000e+03
1.942000000000000000e+03
1.010300000000000000e+04
3.820000000000000000e+03
3.360000000000000000e+03
2.741000000000000000e+03
2.930000000000000000e+02
2.377000000000000000e+03
8.954000000000000000e+03
5.239000000000000000e+03
2.858000000000000000e+03
5.420000000000000000e+02
3.969000000000000000e+03
2.332000000000000000e+03
3.209000000000000000e+03
4.960000000000000000e+02
2.716000000000000000e+03
1.483000000000000000e+03
1.870000000000000000e+02
6.650000000000000000e+03
2.400000000000000000e+01
1.210000000000000000e+02
2.200000000000000000e+02
1.610000000000000000e+02
7.830000000000000000e+02
2.243000000000000000e+03
2.307000000000000000e+03
2.489000000000000000e+03
4.180000000000000000e+02
4.203000000000000000e+03
4.707700000000000000e+04
4.760000000000000000e+02
8.059000000000000000e+03
3.038000000000000000e+03
1.440000000000000000e+02
7.260000000000000000e+02
1.718000000000000000e+03
6.782000000000000000e+03
1.847000000000000000e+03
2.300000000000000000e+01
1.100000000000000000e+01
2.086000000000000000e+03
2.077000000000000000e+03
3.994000000000000000e+03
1.590000000000000000e+02
2.530000000000000000e+02
1.880000000000000000e+03
2.988000000000000000e+03
2.150000000000000000e+02
2.565000000000000000e+03
1.527000000000000000e+03
5.770000000000000000e+02
2.230000000000000000e+03
2.663000000000000000e+03
7.355000000000000000e+03
1.439000000000000000e+03
1.335000000000000000e+03
5.300000000000000000e+02
5.126000000000000000e+03
1.888000000000000000e+03
1.095000000000000000e+03
1.424000000000000000e+03
1.105000000000000000e+04
8.180000000000000000e+02
4.763000000000000000e+03
3.211000000000000000e+03
1.448000000000000000e+03
3.342000000000000000e+03
1.430000000000000000e+02
1.266000000000000000e+03
2.599000000000000000e+03
3.000000000000000000e+00
2.624000000000000000e+03
6.300000000000000000e+01
1.173000000000000000e+03
2.644000000000000000e+03
4.242000000000000000e+03
3.080000000000000000e+02
1.384000000000000000e+03
3.695000000000000000e+03
7.450000000000000000e+02
2.945000000000000000e+03
4.650000000000000000e+02
6.380000000000000000e+02
1.054000000000000000e+03
1.220000000000000000e+03
5.732000000000000000e+03
5.234000000000000000e+03
8.800000000000000000e+02
9.755000000000000000e+03
9.862000000000000000e+03
5.825000000000000000e+03
1.646000000000000000e+03
5.143000000000000000e+03
1.275500000000000000e+04
1.283000000000000000e+03
1.026200000000000000e+04
4.245000000000000000e+03
1.369000000000000000e+03
2.368000000000000000e+03
4.420000000000000000e+02
5.334000000000000000e+03
1.579000000000000000e+03
3.022000000000000000e+03
1.505000000000000000e+03
4.380000000000000000e+03
1.172000000000000000e+03
2.060000000000000000e+02
1.083300000000000000e+04
8.000000000000000000e+00
1.930000000000000000e+03
7.720000000000000000e+02
8.520000000000000000e+02
3.606000000000000000e+03
1.118000000000000000e+03
1.954000000000000000e+03
3.320000000000000000e+02
1.007000000000000000e+03
1.229000000000000000e+03
2.196000000000000000e+03
3.128000000000000000e+03
2.418000000000000000e+03
1.160300000000000000e+04
9.022000000000000000e+03
5.905000000000000000e+03
4.180000000000000000e+02
5.656000000000000000e+03
2.611000000000000000e+03
3.812000000000000000e+03
1.000000000000000000e+00
5.424000000000000000e+03
3.599000000000000000e+03
1.189000000000000000e+03
9.620000000000000000e+02
2.820000000000000000e+02
2.929000000000000000e+03
2.028000000000000000e+03
5.204000000000000000e+03
6.210000000000000000e+02
1.410000000000000000e+03
3.695000000000000000e+03
5.700000000000000000e+01
4.900000000000000000e+01
9.170000000000000000e+02
7.401000000000000000e+03
2.556000000000000000e+03
8.240000000000000000e+02
1.130000000000000000e+02
8.419000000000000000e+03
8.888000000000000000e+03
3.014000000000000000e+03
1.810000000000000000e+02
4.982000000000000000e+03
8.300000000000000000e+02
5.380000000000000000e+02
1.377000000000000000e+03
2.271000000000000000e+03
3.384000000000000000e+03
2.795000000000000000e+03
2.323000000000000000e+03
8.160000000000000000e+02
7.700000000000000000e+02
6.460000000000000000e+02
1.290000000000000000e+02
6.416000000000000000e+03
2.220000000000000000e+02
6.481000000000000000e+03
2.562000000000000000e+03
1.802000000000000000e+03
6.752000000000000000e+03
1.609000000000000000e+03
5.850000000000000000e+02
1.156000000000000000e+03
5.247300000000000000e+04
8.640000000000000000e+02
9.395000000000000000e+03
3.023000000000000000e+03
6.510000000000000000e+02
3.437000000000000000e+03
5.128000000000000000e+03
1.914000000000000000e+03
2.231000000000000000e+03
1.980000000000000000e+02
2.876000000000000000e+03
7.644000000000000000e+03
9.200000000000000000e+01
6.700000000000000000e+01
4.650000000000000000e+03
1.599000000000000000e+03
4.920000000000000000e+02
3.547000000000000000e+03
1.651000000000000000e+03
9.810000000000000000e+02
2.591000000000000000e+03
6.217000000000000000e+03
8.320000000000000000e+03
2.388000000000000000e+03
3.206000000000000000e+03
3.996000000000000000e+03
3.236000000000000000e+03
3.000000000000000000e+00
3.900000000000000000e+01
1.289100000000000000e+04
3.692000000000000000e+03
6.497000000000000000e+03
2.282000000000000000e+03
2.998000000000000000e+03
3.526000000000000000e+03
1.027100000000000000e+04
1.665100000000000000e+04
1.588000000000000000e+03
3.098300000000000000e+04
1.521000000000000000e+03
7.800000000000000000e+02
1.500000000000000000e+01
8.665000000000000000e+03
1.249000000000000000e+03
2.007000000000000000e+03
1.875000000000000000e+03
3.280000000000000000e+03
1.517000000000000000e+04
4.370000000000000000e+02
3.690000000000000000e+03
4.490000000000000000e+02
8.996100000000000000e+04
1.805000000000000000e+03
3.600000000000000000e+01
7.320000000000000000e+03
3.574000000000000000e+03
1.529000000000000000e+03
4.960000000000000000e+02
9.755000000000000000e+03
6.000000000000000000e+00
1.500000000000000000e+01
6.400000000000000000e+01
4.446000000000000000e+03
4.690000000000000000e+02
1.873000000000000000e+03
7.380000000000000000e+03
1.986000000000000000e+03
