1.408729871000000000e+09
1.408730426000000000e+09
1.408742577000000000e+09
1.408755231000000000e+09
1.408760530000000000e+09
1.408762986000000000e+09
1.408764478000000000e+09
1.408766114000000000e+09
1.408767369000000000e+09
1.408768618000000000e+09
1.408772371000000000e+09
1.408779624000000000e+09
1.408780065000000000e+09
1.408786847000000000e+09
1.408787352000000000e+09
1.408791128000000000e+09
1.408796759000000000e+09
1.408807806000000000e+09
1.408810335000000000e+09
1.408812381000000000e+09
1.408819121000000000e+09
1.408822328000000000e+09
1.408825651000000000e+09
1.408827671000000000e+09
1.408831612000000000e+09
1.408834060000000000e+09
1.408834425000000000e+09
1.408838024000000000e+09
1.408838252000000000e+09
1.408842387000000000e+09
1.408850583000000000e+09
1.408851473000000000e+09
1.408851490000000000e+09
1.408857299000000000e+09
1.408858188000000000e+09
1.408864448000000000e+09
1.408880143000000000e+09
1.408882027000000000e+09
1.408883649000000000e+09
1.408885945000000000e+09
1.408886700000000000e+09
1.408888809000000000e+09
1.408888997000000000e+09
1.408889028000000000e+09
1.408890320000000000e+09
1.408892312000000000e+09
1.408892896000000000e+09
1.408893007000000000e+09
1.408896784000000000e+09
1.408897058000000000e+09
1.408899282000000000e+09
1.408901391000000000e+09
1.408902157000000000e+09
1.408903527000000000e+09
1.408905039000000000e+09
1.408913096000000000e+09
1.408916214000000000e+09
1.408928629000000000e+09
1.408929875000000000e+09
1.408937626000000000e+09
1.408941784000000000e+09
1.408941986000000000e+09
1.408943330000000000e+09
1.408955447000000000e+09
1.408955558000000000e+09
1.408961834000000000e+09
1.408962879000000000e+09
1.408963841000000000e+09
1.408964797000000000e+09
1.408967740000000000e+09
1.408970948000000000e+09
1.408973093000000000e+09
1.408973175000000000e+09
1.408977508000000000e+09
1.408983876000000000e+09
1.408986825000000000e+09
1.408987228000000000e+09
1.408989882000000000e+09
1.408992832000000000e+09
1.408995522000000000e+09
1.409004960000000000e+09
1.409005507000000000e+09
1.409011096000000000e+09
1.409018441000000000e+09
1.409019844000000000e+09
1.409031361000000000e+09
1.409037344000000000e+09
1.409039448000000000e+09
1.409041049000000000e+09
1.409048865000000000e+09
1.409051048000000000e+09
1.409056007000000000e+09
1.409059010000000000e+09
1.409059306000000000e+09
1.409296850000000000e+09
1.409302148000000000e+09
1.409302420000000000e+09
1.409306029000000000e+09
1.409312180000000000e+09
1.409312570000000000e+09
1.409312997000000000e+09
1.409313468000000000e+09
1.409319047000000000e+09
1.409319865000000000e+09
1.409323263000000000e+09
1.409325475000000000e+09
1.409330507000000000e+09
1.409331248000000000e+09
1.409334427000000000e+09
1.409337772000000000e+09
1.409343323000000000e+09
1.409349064000000000e+09
1.409349412000000000e+09
1.409350556000000000e+09
1.409350993000000000e+09
1.409351698000000000e+09
1.409353781000000000e+09
1.409359265000000000e+09
1.409362430000000000e+09
1.409369685000000000e+09
1.409370498000000000e+09
1.409371689000000000e+09
1.409384860000000000e+09
1.409393409000000000e+09
1.409397415000000000e+09
1.409400774000000000e+09
1.409402295000000000e+09
1.409404507000000000e+09
1.409404941000000000e+09
1.409411254000000000e+09
1.409412604000000000e+09
1.409412927000000000e+09
1.409422833000000000e+09
1.409428026000000000e+09
1.409452088000000000e+09
1.409455225000000000e+09
1.409456268000000000e+09
1.409458909000000000e+09
1.409459554000000000e+09
1.409470271000000000e+09
1.409472502000000000e+09
1.409474035000000000e+09
1.409474538000000000e+09
1.409476989000000000e+09
1.409490352000000000e+09
1.409491666000000000e+09
1.409501340000000000e+09
1.409501342000000000e+09
1.409503224000000000e+09
1.409503306000000000e+09
1.409504644000000000e+09
1.409517042000000000e+09
1.409517088000000000e+09
1.409517298000000000e+09
1.409518149000000000e+09
1.409521295000000000e+09
1.409526371000000000e+09
1.409532965000000000e+09
1.409538780000000000e+09
1.409539540000000000e+09
1.409541460000000000e+09
1.409557449000000000e+09
1.409557452000000000e+09
1.409565682000000000e+09
1.409572206000000000e+09
1.409578246000000000e+09
1.409579804000000000e+09
1.409582329000000000e+09
1.409585690000000000e+09
1.409587617000000000e+09
1.409593910000000000e+09
1.409597910000000000e+09
1.409607993000000000e+09
1.409608056000000000e+09
1.409610077000000000e+09
1.409610843000000000e+09
1.409617154000000000e+09
1.409625245000000000e+09
1.409625477000000000e+09
1.409631653000000000e+09
1.409635411000000000e+09
1.409643756000000000e+09
1.409648672000000000e+09
1.409651868000000000e+09
1.409651899000000000e+09
1.409652905000000000e+09
1.409656341000000000e+09
1.409660826000000000e+09
1.409664291000000000e+09
1.409665950000000000e+09
1.409674340000000000e+09
1.409682316000000000e+09
1.409696113000000000e+09
1.409699078000000000e+09
1.409699395000000000e+09
1.409713138000000000e+09
1.409714694000000000e+09
1.409722318000000000e+09
1.409727431000000000e+09
1.409987018000000000e+09
1.409987068000000000e+09
1.409987169000000000e+09
1.409987274000000000e+09
1.409987326000000000e+09
1.409987355000000000e+09
1.409987389000000000e+09
1.409987982000000000e+09
1.409988111000000000e+09
1.409988140000000000e+09
1.409988183000000000e+09
1.409988931000000000e+09
1.409989077000000000e+09
1.409989178000000000e+09
1.409989307000000000e+09
1.409989434000000000e+09
1.409989543000000000e+09
1.409989761000000000e+09
1.409989987000000000e+09
1.409990122000000000e+09
1.409990506000000000e+09
1.409991382000000000e+09
1.409992070000000000e+09
1.409992224000000000e+09
1.409992258000000000e+09
1.409992389000000000e+09
1.409992510000000000e+09
1.409992677000000000e+09
1.409992955000000000e+09
1.409993037000000000e+09
1.409993179000000000e+09
1.409993251000000000e+09
1.409993409000000000e+09
1.409993582000000000e+09
1.409994240000000000e+09
1.409994264000000000e+09
1.409994317000000000e+09
1.409994374000000000e+09
1.409994813000000000e+09
1.409994831000000000e+09
1.409995223000000000e+09
1.409995267000000000e+09
1.409995310000000000e+09
1.409995327000000000e+09
1.409995369000000000e+09
1.409995610000000000e+09
1.409995735000000000e+09
1.409996055000000000e+09
1.409996781000000000e+09
1.409997328000000000e+09
1.409997411000000000e+09
1.409997510000000000e+09
1.409997687000000000e+09
1.409997815000000000e+09
1.409997911000000000e+09
1.409997922000000000e+09
1.409997964000000000e+09
1.409998076000000000e+09
1.409998505000000000e+09
1.409998904000000000e+09
1.409999276000000000e+09
1.409999331000000000e+09
1.409999526000000000e+09
1.409999676000000000e+09
1.409999966000000000e+09
1.410000140000000000e+09
1.410000182000000000e+09
1.410000515000000000e+09
1.410000836000000000e+09
1.410000927000000000e+09
1.410001021000000000e+09
1.410001042000000000e+09
1.410001451000000000e+09
1.410001957000000000e+09
1.410002016000000000e+09
1.410002033000000000e+09
1.410002166000000000e+09
1.410002427000000000e+09
1.410003033000000000e+09
1.410003269000000000e+09
1.410003281000000000e+09
1.410003643000000000e+09
1.410003992000000000e+09
1.410004024000000000e+09
1.410004037000000000e+09
1.410004589000000000e+09
1.410004612000000000e+09
1.410004650000000000e+09
1.410005407000000000e+09
1.410006144000000000e+09
1.410006277000000000e+09
1.410006489000000000e+09
1.410006649000000000e+09
1.410006774000000000e+09
1.410006858000000000e+09
1.410007273000000000e+09
1.410007311000000000e+09
1.410007322000000000e+09
1.410007536000000000e+09
1.410007821000000000e+09
1.410007983000000000e+09
1.410008189000000000e+09
1.410008240000000000e+09
1.410008369000000000e+09
1.410008454000000000e+09
1.410008557000000000e+09
1.410008971000000000e+09
1.410008986000000000e+09
1.410009145000000000e+09
1.410009310000000000e+09
1.410009371000000000e+09
1.410009490000000000e+09
1.410010437000000000e+09
1.410010454000000000e+09
1.410010589000000000e+09
1.410010866000000000e+09
1.410011184000000000e+09
1.410011299000000000e+09
1.410011838000000000e+09
1.410011943000000000e+09
1.410012104000000000e+09
1.410012465000000000e+09
1.410012913000000000e+09
1.410013036000000000e+09
1.410013257000000000e+09
1.410013353000000000e+09
1.410013405000000000e+09
1.410013449000000000e+09
1.410013936000000000e+09
1.410014277000000000e+09
1.410014699000000000e+09
1.410015022000000000e+09
1.410015199000000000e+09
1.410015629000000000e+09
1.410015783000000000e+09
1.410015850000000000e+09
1.410015986000000000e+09
1.410017188000000000e+09
1.410018234000000000e+09
1.410018526000000000e+09
1.410018655000000000e+09
1.410018896000000000e+09
1.410019008000000000e+09
1.410019053000000000e+09
1.410019561000000000e+09
1.410019727000000000e+09
1.410019762000000000e+09
1.410020050000000000e+09
1.410020389000000000e+09
1.410020459000000000e+09
1.410021209000000000e+09
1.410021317000000000e+09
1.410021320000000000e+09
1.410021628000000000e+09
1.410021776000000000e+09
1.410021919000000000e+09
1.410022215000000000e+09
1.410022769000000000e+09
1.410022828000000000e+09
1.410022876000000000e+09
1.410023181000000000e+09
1.410023245000000000e+09
1.410023446000000000e+09
1.410024183000000000e+09
1.410024233000000000e+09
1.410024282000000000e+09
1.410024753000000000e+09
1.410025015000000000e+09
1.410025239000000000e+09
1.410025455000000000e+09
1.410025665000000000e+09
1.410025797000000000e+09
1.410025849000000000e+09
1.410025918000000000e+09
1.410026062000000000e+09
1.410026187000000000e+09
1.410026193000000000e+09
1.410026310000000000e+09
1.410026425000000000e+09
1.410026601000000000e+09
1.410026806000000000e+09
1.410027355000000000e+09
1.410027501000000000e+09
1.410028375000000000e+09
1.410028391000000000e+09
1.410028426000000000e+09
1.410028454000000000e+09
1.410028648000000000e+09
1.410028752000000000e+09
1.410028932000000000e+09
1.410029179000000000e+09
1.410029240000000000e+09
1.410029270000000000e+09
1.410029662000000000e+09
1.410030403000000000e+09
1.410030680000000000e+09
1.410031049000000000e+09
1.410031057000000000e+09
1.410031617000000000e+09
1.410031931000000000e+09
1.410032091000000000e+09
1.410032152000000000e+09
1.410032562000000000e+09
1.410032775000000000e+09
1.410033205000000000e+09
1.410033452000000000e+09
1.410033726000000000e+09
1.410034299000000000e+09
1.410034314000000000e+09
1.410034362000000000e+09
1.410034518000000000e+09
1.410034726000000000e+09
1.410034811000000000e+09
1.410035158000000000e+09
1.410035377000000000e+09
1.410035449000000000e+09
1.410035516000000000e+09
1.410035555000000000e+09
1.410035702000000000e+09
1.410036061000000000e+09
1.410036063000000000e+09
1.410036075000000000e+09
1.410036232000000000e+09
1.410036470000000000e+09
1.410036897000000000e+09
1.410037120000000000e+09
1.410037237000000000e+09
1.410037314000000000e+09
1.410037618000000000e+09
1.410038638000000000e+09
1.410038765000000000e+09
1.410038865000000000e+09
1.410039440000000000e+09
1.410039453000000000e+09
1.410039753000000000e+09
1.410040630000000000e+09
1.410041097000000000e+09
1.410041814000000000e+09
1.410042468000000000e+09
1.410042734000000000e+09
1.410042774000000000e+09
1.410042783000000000e+09
1.410042902000000000e+09
1.410042970000000000e+09
1.410043022000000000e+09
1.410043046000000000e+09
1.410043265000000000e+09
1.410043287000000000e+09
1.410043397000000000e+09
1.410043954000000000e+09
1.410044141000000000e+09
1.410044294000000000e+09
1.410044305000000000e+09
1.410044391000000000e+09
1.410044637000000000e+09
1.410044744000000000e+09
1.410044890000000000e+09
1.410045443000000000e+09
1.410045504000000000e+09
1.410045799000000000e+09
1.410045976000000000e+09
1.410046013000000000e+09
1.410046543000000000e+09
1.410046664000000000e+09
1.410047610000000000e+09
1.410048040000000000e+09
1.410048573000000000e+09
1.410049152000000000e+09
1.410049301000000000e+09
1.410050073000000000e+09
1.410050174000000000e+09
1.410050212000000000e+09
1.410050254000000000e+09
1.410050455000000000e+09
1.410050798000000000e+09
1.410051141000000000e+09
1.410051735000000000e+09
1.410052085000000000e+09
1.410052117000000000e+09
1.410052559000000000e+09
1.410054704000000000e+09
1.410054823000000000e+09
1.410055099000000000e+09
1.410055176000000000e+09
1.410055375000000000e+09
1.410055608000000000e+09
1.410055678000000000e+09
1.410055847000000000e+09
1.410056057000000000e+09
1.410056392000000000e+09
1.410056667000000000e+09
1.410056696000000000e+09
1.410057352000000000e+09
1.410057377000000000e+09
1.410057484000000000e+09
1.410057633000000000e+09
1.410058168000000000e+09
1.410058382000000000e+09
1.410058741000000000e+09
1.410058917000000000e+09
1.410060328000000000e+09
1.410060406000000000e+09
1.410060815000000000e+09
1.410060868000000000e+09
1.410061010000000000e+09
1.410061174000000000e+09
1.410061554000000000e+09
1.410062221000000000e+09
1.410062464000000000e+09
1.410062486000000000e+09
1.410062538000000000e+09
1.410062542000000000e+09
1.410062881000000000e+09
1.410063017000000000e+09
1.410063057000000000e+09
1.410063277000000000e+09
1.410063346000000000e+09
1.410063373000000000e+09
1.410063376000000000e+09
1.410063392000000000e+09
1.410063984000000000e+09
1.410064021000000000e+09
1.410064215000000000e+09
1.410064574000000000e+09
1.410064637000000000e+09
1.410064640000000000e+09
1.410065341000000000e+09
1.410065573000000000e+09
1.410065658000000000e+09
1.410065661000000000e+09
1.410065773000000000e+09
1.410066172000000000e+09
1.410066602000000000e+09
1.410066894000000000e+09
1.410067074000000000e+09
1.410067090000000000e+09
1.410067110000000000e+09
1.410071557000000000e+09
1.410071678000000000e+09
1.410072178000000000e+09
1.410072571000000000e+09
1.410072669000000000e+09
1.410072829000000000e+09
1.410073034000000000e+09
1.410073300000000000e+09
1.410073890000000000e+09
1.410073978000000000e+09
1.410074172000000000e+09
1.410074213000000000e+09
1.410074355000000000e+09
1.410074391000000000e+09
1.410074769000000000e+09
1.410075347000000000e+09
1.410075540000000000e+09
1.410075792000000000e+09
1.410076730000000000e+09
1.410076951000000000e+09
1.410076968000000000e+09
1.410077639000000000e+09
1.410078281000000000e+09
1.410078736000000000e+09
1.410079399000000000e+09
1.410079586000000000e+09
1.410079653000000000e+09
1.410079694000000000e+09
1.410079710000000000e+09
1.410079770000000000e+09
1.410080773000000000e+09
1.410081817000000000e+09
1.410082165000000000e+09
1.410082504000000000e+09
1.410082746000000000e+09
1.410083214000000000e+09
1.410083264000000000e+09
1.410083453000000000e+09
1.410083918000000000e+09
1.410084246000000000e+09
1.410084273000000000e+09
1.410084823000000000e+09
1.410085139000000000e+09
1.410085474000000000e+09
1.410085490000000000e+09
1.410085562000000000e+09
1.410085588000000000e+09
1.410086202000000000e+09
1.410086211000000000e+09
1.410086516000000000e+09
1.410087024000000000e+09
1.410087124000000000e+09
1.410087286000000000e+09
1.410087336000000000e+09
1.410088728000000000e+09
1.410088752000000000e+09
1.410088995000000000e+09
1.410089780000000000e+09
1.410090512000000000e+09
1.410090547000000000e+09
1.410090615000000000e+09
1.410090652000000000e+09
1.410091058000000000e+09
1.410091410000000000e+09
1.410091498000000000e+09
1.410091631000000000e+09
1.410091967000000000e+09
1.410091988000000000e+09
1.410092390000000000e+09
1.410092920000000000e+09
1.410093119000000000e+09
1.410093201000000000e+09
1.410093222000000000e+09
1.410093642000000000e+09
1.410093686000000000e+09
1.410094398000000000e+09
1.410094571000000000e+09
1.410095099000000000e+09
1.410095270000000000e+09
1.410095311000000000e+09
1.410095320000000000e+09
1.410095331000000000e+09
1.410096114000000000e+09
1.410096740000000000e+09
1.410097146000000000e+09
1.410097151000000000e+09
1.410097679000000000e+09
1.410097871000000000e+09
1.410098271000000000e+09
1.410098494000000000e+09
1.410098901000000000e+09
1.410099247000000000e+09
1.410099894000000000e+09
1.410100974000000000e+09
1.410101476000000000e+09
1.410102345000000000e+09
1.410102556000000000e+09
1.410102738000000000e+09
1.410103175000000000e+09
1.410103477000000000e+09
1.410103898000000000e+09
1.410104814000000000e+09
1.410104918000000000e+09
1.410105528000000000e+09
1.410106133000000000e+09
1.410106359000000000e+09
1.410106362000000000e+09
1.410106652000000000e+09
1.410107003000000000e+09
1.410107090000000000e+09
1.410107123000000000e+09
1.410107207000000000e+09
1.410108199000000000e+09
1.410109074000000000e+09
1.410109650000000000e+09
1.410109850000000000e+09
1.410109998000000000e+09
1.410110015000000000e+09
1.410110176000000000e+09
1.410110441000000000e+09
1.410110445000000000e+09
1.410110559000000000e+09
1.410110613000000000e+09
1.410110633000000000e+09
1.410111233000000000e+09
1.410111472000000000e+09
1.410111550000000000e+09
1.410111889000000000e+09
1.410112180000000000e+09
1.410112415000000000e+09
1.410112956000000000e+09
1.410113888000000000e+09
1.410113967000000000e+09
1.410114035000000000e+09
1.410115356000000000e+09
1.410115574000000000e+09
1.410116100000000000e+09
1.410116542000000000e+09
1.410116574000000000e+09
1.410116868000000000e+09
1.410117403000000000e+09
1.410117614000000000e+09
1.410118176000000000e+09
1.410118228000000000e+09
1.410118382000000000e+09
1.410118621000000000e+09
1.410118633000000000e+09
1.410118821000000000e+09
1.410119057000000000e+09
1.410119223000000000e+09
1.410119498000000000e+09
1.410119524000000000e+09
1.410120161000000000e+09
1.410120462000000000e+09
1.410120537000000000e+09
1.410120776000000000e+09
1.410121383000000000e+09
1.410122328000000000e+09
1.410122773000000000e+09
1.410123733000000000e+09
1.410124610000000000e+09
1.410124750000000000e+09
1.410125001000000000e+09
1.410126847000000000e+09
1.410127091000000000e+09
1.410127160000000000e+09
1.410127431000000000e+09
1.410127611000000000e+09
1.410128562000000000e+09
1.410129305000000000e+09
1.410129736000000000e+09
1.410129832000000000e+09
1.410130917000000000e+09
1.410131652000000000e+09
1.410132074000000000e+09
1.410132566000000000e+09
1.410133019000000000e+09
1.410133404000000000e+09
1.410133424000000000e+09
1.410133657000000000e+09
1.410133879000000000e+09
1.410134182000000000e+09
1.410134200000000000e+09
1.410134438000000000e+09
1.410134842000000000e+09
1.410134858000000000e+09
1.410135262000000000e+09
1.410135492000000000e+09
1.410135782000000000e+09
1.410135810000000000e+09
1.410136120000000000e+09
1.410136225000000000e+09
1.410136454000000000e+09
1.410137190000000000e+09
1.410137403000000000e+09
1.410137970000000000e+09
1.410138012000000000e+09
1.410138830000000000e+09
1.410138846000000000e+09
1.410138905000000000e+09
1.410139278000000000e+09
1.410139590000000000e+09
1.410140000000000000e+09
1.410140009000000000e+09
1.410140262000000000e+09
1.410140726000000000e+09
1.410140833000000000e+09
1.410140973000000000e+09
1.410141079000000000e+09
1.410141247000000000e+09
1.410141446000000000e+09
1.410141587000000000e+09
1.410141636000000000e+09
1.410141765000000000e+09
1.410141788000000000e+09
1.410141955000000000e+09
1.410142461000000000e+09
1.410143011000000000e+09
1.410143504000000000e+09
1.410143507000000000e+09
1.410143941000000000e+09
1.410144229000000000e+09
1.410144541000000000e+09
1.410144979000000000e+09
1.410145128000000000e+09
1.410145338000000000e+09
1.410145450000000000e+09
1.410145986000000000e+09
1.410146224000000000e+09
1.410146331000000000e+09
1.410146549000000000e+09
1.410147087000000000e+09
1.410148290000000000e+09
1.410148593000000000e+09
1.410149529000000000e+09
1.410149598000000000e+09
1.410150364000000000e+09
1.410150491000000000e+09
1.410151687000000000e+09
1.410151734000000000e+09
1.410151758000000000e+09
1.410151764000000000e+09
1.410151950000000000e+09
1.410153075000000000e+09
1.410155068000000000e+09
1.410155294000000000e+09
1.410155463000000000e+09
1.410155511000000000e+09
1.410155587000000000e+09
1.410155611000000000e+09
1.410155938000000000e+09
1.410156027000000000e+09
1.410156430000000000e+09
1.410156667000000000e+09
1.410156869000000000e+09
1.410157425000000000e+09
1.410157557000000000e+09
1.410157689000000000e+09
1.410158434000000000e+09
1.410159423000000000e+09
1.410168651000000000e+09
1.410168752000000000e+09
1.410168761000000000e+09
1.410168861000000000e+09
1.410169218000000000e+09
1.410169237000000000e+09
1.410169485000000000e+09
1.410169664000000000e+09
1.410169681000000000e+09
1.410169798000000000e+09
1.410169850000000000e+09
1.410170582000000000e+09
1.410171366000000000e+09
1.410171543000000000e+09
1.410171607000000000e+09
1.410171621000000000e+09
1.410171887000000000e+09
1.410172057000000000e+09
1.410172115000000000e+09
1.410172514000000000e+09
1.410172613000000000e+09
1.410173162000000000e+09
1.410173423000000000e+09
1.410173520000000000e+09
1.410173905000000000e+09
1.410174683000000000e+09
1.410175770000000000e+09
1.410175934000000000e+09
1.410176143000000000e+09
1.410176359000000000e+09
1.410176770000000000e+09
1.410176906000000000e+09
1.410177064000000000e+09
1.410177161000000000e+09
1.410177214000000000e+09
1.410177818000000000e+09
1.410177903000000000e+09
1.410178673000000000e+09
1.410179796000000000e+09
1.410180237000000000e+09
1.410180431000000000e+09
1.410180536000000000e+09
1.410180980000000000e+09
1.410181042000000000e+09
1.410181112000000000e+09
1.410181477000000000e+09
1.410181871000000000e+09
1.410182360000000000e+09
1.410182383000000000e+09
1.410182422000000000e+09
1.410182878000000000e+09
1.410183595000000000e+09
1.410184120000000000e+09
1.410184199000000000e+09
1.410184312000000000e+09
1.410185024000000000e+09
1.410185161000000000e+09
1.410186575000000000e+09
1.410186760000000000e+09
1.410187222000000000e+09
1.410187635000000000e+09
1.410188215000000000e+09
1.410189163000000000e+09
1.410189242000000000e+09
1.410189645000000000e+09
1.410190088000000000e+09
1.410190629000000000e+09
1.410190850000000000e+09
1.410191106000000000e+09
1.410191982000000000e+09
1.410192363000000000e+09
1.410192447000000000e+09
1.410192794000000000e+09
1.410192990000000000e+09
1.410193150000000000e+09
1.410193549000000000e+09
1.410193944000000000e+09
1.410193979000000000e+09
1.410194143000000000e+09
1.410194717000000000e+09
1.410195039000000000e+09
1.410195736000000000e+09
1.410195740000000000e+09
1.410196362000000000e+09
1.410196431000000000e+09
1.410197586000000000e+09
1.410197664000000000e+09
1.410197773000000000e+09
1.410198024000000000e+09
1.410198208000000000e+09
1.410199242000000000e+09
1.410199404000000000e+09
1.410199664000000000e+09
1.410200794000000000e+09
1.410201253000000000e+09
1.410201468000000000e+09
1.410201587000000000e+09
1.410201768000000000e+09
1.410202412000000000e+09
1.410202743000000000e+09
1.410203367000000000e+09
1.410205172000000000e+09
1.410205394000000000e+09
1.410205669000000000e+09
1.410205766000000000e+09
1.410207180000000000e+09
1.410208498000000000e+09
1.410209433000000000e+09
1.410209608000000000e+09
1.410210049000000000e+09
1.410210478000000000e+09
1.410210729000000000e+09
1.410210749000000000e+09
1.410211373000000000e+09
1.410212162000000000e+09
1.410213392000000000e+09
1.410216486000000000e+09
1.410218087000000000e+09
1.410218786000000000e+09
1.410218871000000000e+09
1.410218889000000000e+09
1.410219066000000000e+09
1.410219403000000000e+09
1.410219995000000000e+09
1.410221201000000000e+09
1.410221696000000000e+09
1.410221798000000000e+09
1.410221855000000000e+09
1.410223040000000000e+09
1.410223891000000000e+09
1.410223970000000000e+09
1.410224607000000000e+09
1.410224608000000000e+09
1.410224833000000000e+09
1.410226162000000000e+09
1.410226536000000000e+09
1.410226780000000000e+09
1.410226897000000000e+09
1.410227914000000000e+09
1.410228080000000000e+09
1.410228346000000000e+09
1.410228978000000000e+09
1.410229049000000000e+09
1.410229290000000000e+09
1.410229349000000000e+09
1.410229429000000000e+09
1.410229754000000000e+09
1.410230428000000000e+09
1.410230545000000000e+09
1.410230569000000000e+09
1.410230652000000000e+09
1.410231216000000000e+09
1.410231471000000000e+09
1.410231600000000000e+09
1.410232785000000000e+09
1.410233117000000000e+09
1.410234331000000000e+09
1.410235503000000000e+09
1.410235726000000000e+09
1.410236475000000000e+09
1.410237454000000000e+09
1.410237702000000000e+09
1.410238408000000000e+09
1.410239132000000000e+09
1.410239891000000000e+09
1.410240374000000000e+09
1.410241135000000000e+09
1.410245715000000000e+09
1.410246712000000000e+09
1.410246913000000000e+09
1.410247651000000000e+09
1.410247977000000000e+09
1.410248911000000000e+09
1.410249357000000000e+09
1.410249509000000000e+09
1.410249589000000000e+09
1.410249650000000000e+09
1.410249901000000000e+09
1.410250266000000000e+09
1.410250352000000000e+09
1.410250418000000000e+09
1.410251208000000000e+09
1.410251265000000000e+09
1.410252298000000000e+09
1.410252528000000000e+09
1.410252530000000000e+09
1.410252804000000000e+09
1.410253472000000000e+09
1.410253542000000000e+09
1.410254954000000000e+09
1.410255301000000000e+09
1.410256232000000000e+09
1.410340568000000000e+09
1.410341383000000000e+09
1.410341811000000000e+09
1.410342733000000000e+09
1.410343175000000000e+09
1.410343340000000000e+09
1.410343442000000000e+09
1.410344374000000000e+09
1.410344401000000000e+09
1.410344683000000000e+09
1.410344802000000000e+09
1.410345779000000000e+09
1.410346216000000000e+09
1.410346236000000000e+09
1.410346410000000000e+09
1.410346418000000000e+09
1.410346686000000000e+09
1.410347857000000000e+09
1.410347902000000000e+09
1.410348961000000000e+09
1.410349741000000000e+09
1.410350519000000000e+09
1.410350796000000000e+09
1.410351085000000000e+09
1.410351822000000000e+09
1.410353591000000000e+09
1.410353666000000000e+09
1.410353698000000000e+09
1.410353893000000000e+09
1.410354431000000000e+09
1.410355656000000000e+09
1.410356074000000000e+09
1.410356129000000000e+09
1.410356257000000000e+09
1.410356982000000000e+09
1.410357756000000000e+09
1.410358374000000000e+09
1.410358609000000000e+09
1.410358742000000000e+09
1.410359727000000000e+09
1.410360209000000000e+09
1.410361159000000000e+09
1.410361390000000000e+09
1.410361611000000000e+09
1.410362043000000000e+09
1.410363851000000000e+09
1.410364297000000000e+09
1.410364548000000000e+09
1.410366023000000000e+09
1.410366473000000000e+09
1.410366962000000000e+09
1.410368347000000000e+09
1.410368419000000000e+09
1.410369788000000000e+09
1.410370759000000000e+09
1.410371173000000000e+09
1.410371851000000000e+09
1.410372184000000000e+09
1.410372606000000000e+09
1.410373000000000000e+09
1.410373019000000000e+09
1.410373183000000000e+09
1.410373622000000000e+09
1.410374118000000000e+09
1.410374131000000000e+09
1.410374291000000000e+09
1.410374456000000000e+09
1.410375023000000000e+09
1.410375226000000000e+09
1.410375792000000000e+09
1.410376023000000000e+09
1.410376697000000000e+09
1.410376747000000000e+09
1.410377793000000000e+09
1.410378422000000000e+09
1.410379587000000000e+09
1.410379678000000000e+09
1.410379911000000000e+09
1.410381055000000000e+09
1.410382370000000000e+09
1.410382705000000000e+09
1.410382902000000000e+09
1.410384243000000000e+09
1.410384523000000000e+09
1.410385522000000000e+09
1.410386311000000000e+09
1.410386696000000000e+09
1.410386702000000000e+09
1.410386841000000000e+09
1.410387817000000000e+09
1.410388600000000000e+09
1.410389554000000000e+09
1.410389597000000000e+09
1.410391694000000000e+09
1.410393241000000000e+09
1.410393277000000000e+09
1.410393761000000000e+09
1.410393800000000000e+09
1.410394208000000000e+09
1.410395019000000000e+09
1.410395501000000000e+09
1.410397177000000000e+09
1.410397358000000000e+09
1.410397609000000000e+09
1.410397666000000000e+09
1.410397774000000000e+09
1.410398205000000000e+09
1.410398500000000000e+09
1.410399777000000000e+09
1.410399785000000000e+09
1.410400032000000000e+09
1.410400040000000000e+09
1.410400883000000000e+09
1.410401656000000000e+09
1.410401680000000000e+09
1.410401990000000000e+09
1.410401994000000000e+09
1.410402193000000000e+09
1.410402605000000000e+09
1.410404161000000000e+09
1.410404396000000000e+09
1.410405231000000000e+09
1.410405771000000000e+09
1.410406157000000000e+09
1.410407016000000000e+09
1.410411159000000000e+09
1.410411429000000000e+09
1.410411484000000000e+09
1.410411510000000000e+09
1.410411539000000000e+09
1.410411599000000000e+09
1.410411994000000000e+09
1.410412069000000000e+09
1.410412263000000000e+09
1.410412521000000000e+09
1.410412680000000000e+09
1.410414273000000000e+09
1.410415104000000000e+09
1.410415479000000000e+09
1.410416079000000000e+09
1.410417925000000000e+09
1.410418031000000000e+09
1.410418511000000000e+09
1.410424286000000000e+09
1.410424488000000000e+09
1.410425059000000000e+09
1.410425752000000000e+09
1.410425790000000000e+09
1.410426609000000000e+09
1.410427157000000000e+09
1.410427207000000000e+09
1.410427997000000000e+09
1.410428083000000000e+09
1.410428097000000000e+09
1.410429717000000000e+09
1.410430081000000000e+09
1.410431135000000000e+09
1.410431877000000000e+09
1.410432754000000000e+09
1.410433152000000000e+09
1.410433241000000000e+09
1.410433916000000000e+09
1.410434225000000000e+09
1.410435363000000000e+09
1.410435482000000000e+09
1.410436090000000000e+09
1.410436091000000000e+09
1.410436242000000000e+09
1.410436412000000000e+09
1.410436920000000000e+09
1.410437083000000000e+09
1.410438096000000000e+09
1.410440255000000000e+09
1.410440362000000000e+09
1.410441607000000000e+09
1.410443858000000000e+09
1.410444827000000000e+09
1.410444840000000000e+09
1.410445274000000000e+09
1.410445553000000000e+09
1.410445582000000000e+09
1.410445963000000000e+09
1.410446233000000000e+09
1.410446782000000000e+09
1.410447483000000000e+09
1.410447490000000000e+09
1.410448039000000000e+09
1.410448797000000000e+09
1.410448992000000000e+09
1.410450761000000000e+09
1.410452761000000000e+09
1.410453509000000000e+09
1.410454267000000000e+09
1.410455032000000000e+09
1.410456179000000000e+09
1.410456480000000000e+09
1.410456611000000000e+09
1.410456629000000000e+09
1.410459425000000000e+09
1.410459689000000000e+09
1.410459706000000000e+09
1.410460852000000000e+09
1.410460932000000000e+09
1.410461983000000000e+09
1.410462371000000000e+09
1.410463188000000000e+09
1.410463737000000000e+09
1.410463892000000000e+09
1.410464297000000000e+09
1.410464809000000000e+09
1.410464929000000000e+09
1.410465376000000000e+09
1.410465594000000000e+09
1.410465788000000000e+09
1.410468084000000000e+09
1.410468221000000000e+09
1.410469109000000000e+09
1.410469701000000000e+09
1.410470233000000000e+09
1.410470850000000000e+09
1.410471074000000000e+09
1.410471620000000000e+09
1.410473810000000000e+09
1.410474460000000000e+09
1.410474481000000000e+09
1.410474552000000000e+09
1.410474853000000000e+09
1.410476506000000000e+09
1.410477056000000000e+09
1.410477455000000000e+09
1.410478466000000000e+09
1.410478542000000000e+09
1.410478815000000000e+09
1.410478855000000000e+09
1.410479209000000000e+09
1.410481111000000000e+09
1.410481287000000000e+09
1.410481306000000000e+09
1.410481456000000000e+09
1.410481704000000000e+09
1.410483366000000000e+09
1.410485429000000000e+09
1.410486040000000000e+09
1.410487211000000000e+09
1.410487299000000000e+09
1.410488349000000000e+09
1.410488650000000000e+09
1.410488862000000000e+09
1.410488936000000000e+09
1.410489917000000000e+09
1.410491553000000000e+09
1.410492435000000000e+09
1.410493499000000000e+09
1.410494947000000000e+09
1.410495588000000000e+09
1.410496454000000000e+09
1.410496903000000000e+09
1.410498201000000000e+09
1.410498551000000000e+09
1.410498681000000000e+09
1.410500176000000000e+09
1.410500774000000000e+09
1.410501066000000000e+09
1.410503594000000000e+09
1.410503631000000000e+09
1.410503742000000000e+09
1.410509155000000000e+09
1.410510256000000000e+09
1.410510432000000000e+09
1.410510860000000000e+09
1.410511130000000000e+09
1.410511868000000000e+09
1.410512189000000000e+09
1.410512268000000000e+09
1.410512589000000000e+09
1.410513255000000000e+09
1.410514481000000000e+09
1.410514496000000000e+09
1.410514683000000000e+09
1.410516262000000000e+09
1.410516808000000000e+09
1.410517689000000000e+09
1.410518110000000000e+09
1.410520173000000000e+09
1.410520418000000000e+09
1.410520844000000000e+09
1.410522024000000000e+09
1.410522132000000000e+09
1.410522273000000000e+09
1.410523169000000000e+09
1.410523183000000000e+09
1.410524571000000000e+09
1.410525289000000000e+09
1.410526093000000000e+09
1.410526636000000000e+09
1.410528189000000000e+09
1.410528219000000000e+09
1.410528392000000000e+09
1.410528886000000000e+09
1.410530787000000000e+09
1.410530923000000000e+09
1.410530934000000000e+09
1.410531588000000000e+09
1.410532651000000000e+09
1.410533411000000000e+09
1.410533448000000000e+09
1.410533592000000000e+09
1.410533919000000000e+09
1.410534302000000000e+09
1.410535599000000000e+09
1.410535700000000000e+09
1.410535988000000000e+09
1.410535993000000000e+09
1.410536843000000000e+09
1.410537503000000000e+09
1.410538809000000000e+09
1.410539378000000000e+09
1.410540923000000000e+09
1.410542696000000000e+09
1.410542868000000000e+09
1.410544174000000000e+09
1.410544570000000000e+09
1.410544641000000000e+09
1.410546615000000000e+09
1.410546655000000000e+09
1.410546841000000000e+09
1.410547208000000000e+09
1.410547410000000000e+09
1.410548590000000000e+09
1.410548611000000000e+09
1.410549230000000000e+09
1.410551234000000000e+09
1.410551687000000000e+09
1.410552084000000000e+09
1.410552162000000000e+09
1.410552268000000000e+09
1.410552748000000000e+09
1.410552952000000000e+09
1.410554485000000000e+09
1.410554522000000000e+09
1.410555833000000000e+09
1.410556875000000000e+09
1.410557164000000000e+09
1.410557504000000000e+09
1.410557649000000000e+09
1.410558198000000000e+09
1.410558599000000000e+09
1.410563181000000000e+09
1.410565073000000000e+09
1.410565228000000000e+09
1.410565880000000000e+09
1.410566361000000000e+09
1.410567068000000000e+09
1.410567509000000000e+09
1.410567569000000000e+09
1.410568335000000000e+09
1.410568510000000000e+09
1.410569312000000000e+09
1.410569451000000000e+09
1.410569731000000000e+09
1.410569821000000000e+09
1.410571104000000000e+09
1.410571196000000000e+09
1.410572191000000000e+09
1.410573278000000000e+09
1.410573311000000000e+09
1.410573987000000000e+09
1.410574017000000000e+09
1.410574588000000000e+09
1.410575253000000000e+09
1.410575760000000000e+09
1.410575768000000000e+09
1.410575887000000000e+09
1.410575954000000000e+09
1.410576706000000000e+09
1.410577391000000000e+09
1.410577756000000000e+09
1.410578237000000000e+09
1.410579380000000000e+09
1.410579473000000000e+09
1.410579586000000000e+09
1.410579949000000000e+09
1.410580017000000000e+09
1.410580372000000000e+09
1.410581795000000000e+09
1.410582895000000000e+09
1.410582985000000000e+09
1.410583542000000000e+09
1.410583577000000000e+09
1.410583614000000000e+09
1.410583666000000000e+09
1.410583708000000000e+09
1.410583725000000000e+09
1.410584022000000000e+09
1.410584129000000000e+09
1.410584278000000000e+09
1.410584557000000000e+09
1.410585131000000000e+09
1.410585328000000000e+09
1.410585683000000000e+09
1.410586061000000000e+09
1.410591877000000000e+09
1.410593154000000000e+09
1.410593809000000000e+09
1.410593874000000000e+09
1.410594386000000000e+09
1.410595150000000000e+09
1.410595285000000000e+09
1.410596183000000000e+09
1.410596873000000000e+09
1.410598935000000000e+09
1.410599536000000000e+09
1.410599605000000000e+09
1.410600557000000000e+09
1.410603556000000000e+09
1.410604257000000000e+09
1.410605882000000000e+09
1.410606195000000000e+09
1.410606275000000000e+09
1.410608065000000000e+09
1.410608532000000000e+09
1.410609271000000000e+09
1.410609287000000000e+09
1.410611283000000000e+09
1.410611371000000000e+09
1.410611401000000000e+09
1.410611947000000000e+09
1.410613061000000000e+09
1.410614578000000000e+09
1.410617242000000000e+09
1.410617449000000000e+09
1.410619691000000000e+09
1.410620001000000000e+09
1.410620657000000000e+09
1.410621991000000000e+09
1.410622744000000000e+09
1.410623120000000000e+09
1.410623464000000000e+09
1.410625155000000000e+09
1.410625800000000000e+09
1.410627840000000000e+09
1.410628076000000000e+09
1.410628969000000000e+09
1.410628971000000000e+09
1.410630211000000000e+09
1.410630488000000000e+09
1.410631600000000000e+09
1.410632680000000000e+09
1.410633746000000000e+09
1.410633897000000000e+09
1.410634690000000000e+09
1.410636024000000000e+09
1.410638062000000000e+09
1.410640802000000000e+09
1.410641529000000000e+09
1.410642095000000000e+09
1.410642651000000000e+09
1.410644109000000000e+09
1.410645291000000000e+09
1.410646222000000000e+09
1.410646961000000000e+09
1.410650349000000000e+09
1.410650470000000000e+09
1.410651121000000000e+09
1.410651545000000000e+09
1.410652036000000000e+09
1.410652426000000000e+09
1.410652608000000000e+09
1.410652684000000000e+09
1.410652777000000000e+09
1.410652946000000000e+09
1.410655895000000000e+09
1.410657216000000000e+09
1.410658050000000000e+09
1.410658107000000000e+09
1.410658605000000000e+09
1.410659375000000000e+09
1.410660506000000000e+09
1.410660621000000000e+09
1.410662795000000000e+09
1.410663077000000000e+09
1.410663752000000000e+09
1.410663995000000000e+09
1.410664287000000000e+09
1.410664844000000000e+09
1.410665304000000000e+09
1.410665786000000000e+09
1.410666305000000000e+09
1.410668660000000000e+09
1.410669392000000000e+09
1.410669564000000000e+09
1.410669582000000000e+09
1.410670405000000000e+09
1.410670602000000000e+09
1.410670770000000000e+09
1.410670921000000000e+09
1.410670959000000000e+09
1.410671319000000000e+09
1.410672268000000000e+09
1.410672961000000000e+09
1.410673429000000000e+09
1.410673441000000000e+09
1.410673767000000000e+09
1.410675477000000000e+09
1.410677614000000000e+09
1.410680293000000000e+09
1.410680568000000000e+09
1.410693447000000000e+09
1.410697965000000000e+09
1.410698199000000000e+09
1.410698662000000000e+09
1.410699739000000000e+09
1.410704066000000000e+09
1.410706506000000000e+09
1.410708228000000000e+09
1.410708451000000000e+09
1.410709256000000000e+09
1.410710667000000000e+09
1.410713046000000000e+09
1.410714855000000000e+09
1.410715151000000000e+09
1.410715204000000000e+09
1.410716485000000000e+09
1.410717258000000000e+09
1.410717343000000000e+09
1.410717560000000000e+09
1.410717929000000000e+09
1.410719391000000000e+09
1.410719432000000000e+09
1.410723815000000000e+09
1.410724579000000000e+09
1.410724633000000000e+09
1.410724728000000000e+09
1.410726812000000000e+09
1.410727993000000000e+09
1.410729423000000000e+09
1.410729478000000000e+09
1.410729782000000000e+09
1.410729918000000000e+09
1.410731593000000000e+09
1.410734832000000000e+09
1.410738154000000000e+09
1.410738653000000000e+09
1.410739812000000000e+09
1.410740877000000000e+09
1.410740889000000000e+09
1.410741240000000000e+09
1.410741754000000000e+09
1.410742086000000000e+09
1.410743303000000000e+09
1.410743687000000000e+09
1.410744449000000000e+09
1.410746406000000000e+09
1.410747559000000000e+09
1.410747618000000000e+09
1.410747699000000000e+09
1.410747875000000000e+09
1.410748358000000000e+09
1.410750789000000000e+09
1.410751481000000000e+09
1.410752450000000000e+09
1.410752954000000000e+09
1.410753180000000000e+09
1.410753679000000000e+09
1.410756041000000000e+09
1.410757315000000000e+09
1.410758753000000000e+09
1.410759297000000000e+09
1.410760549000000000e+09
1.410760702000000000e+09
1.410762832000000000e+09
1.410763126000000000e+09
1.410764426000000000e+09
1.410764536000000000e+09
1.410766620000000000e+09
1.410767182000000000e+09
1.410770258000000000e+09
1.410776583000000000e+09
1.410776664000000000e+09
1.410777318000000000e+09
1.410777865000000000e+09
1.410778026000000000e+09
1.410778429000000000e+09
1.410778494000000000e+09
1.410779115000000000e+09
1.410779120000000000e+09
1.410779606000000000e+09
1.410782034000000000e+09
1.410782346000000000e+09
1.410783812000000000e+09
1.410784136000000000e+09
1.410784190000000000e+09
1.410785182000000000e+09
1.410785904000000000e+09
1.410786223000000000e+09
1.410787857000000000e+09
1.410788940000000000e+09
1.410790598000000000e+09
1.410791153000000000e+09
1.410793635000000000e+09
1.410794885000000000e+09
1.410795180000000000e+09
1.410795476000000000e+09
1.410872135000000000e+09
1.410872315000000000e+09
1.410872931000000000e+09
1.410873882000000000e+09
1.410874098000000000e+09
1.410877928000000000e+09
1.410878911000000000e+09
1.410880791000000000e+09
1.410883005000000000e+09
1.410883133000000000e+09
1.410883260000000000e+09
1.410883568000000000e+09
1.410883744000000000e+09
1.410884052000000000e+09
1.410884081000000000e+09
1.410884873000000000e+09
1.410885108000000000e+09
1.410885421000000000e+09
1.410886334000000000e+09
1.410890702000000000e+09
1.410891595000000000e+09
1.410891861000000000e+09
1.410894228000000000e+09
1.410895490000000000e+09
1.410895906000000000e+09
1.410896946000000000e+09
1.410899792000000000e+09
1.410901416000000000e+09
1.410902094000000000e+09
1.410902360000000000e+09
1.410902497000000000e+09
1.410904647000000000e+09
1.410905312000000000e+09
1.410907087000000000e+09
1.410907159000000000e+09
1.410907303000000000e+09
1.410907579000000000e+09
1.410909513000000000e+09
1.410909917000000000e+09
1.410910095000000000e+09
1.410910571000000000e+09
1.410911571000000000e+09
1.410911595000000000e+09
1.410911792000000000e+09
1.410912826000000000e+09
1.410914559000000000e+09
1.410915008000000000e+09
1.410917319000000000e+09
1.410917816000000000e+09
1.410920363000000000e+09
1.410921232000000000e+09
1.410923959000000000e+09
1.410924518000000000e+09
1.410924538000000000e+09
1.410925487000000000e+09
1.410925528000000000e+09
1.410926101000000000e+09
1.410927928000000000e+09
1.410930292000000000e+09
1.410931647000000000e+09
1.410931948000000000e+09
1.410933630000000000e+09
1.410937162000000000e+09
1.410937526000000000e+09
1.410938378000000000e+09
1.410938592000000000e+09
1.410939072000000000e+09
1.410939627000000000e+09
1.410940525000000000e+09
1.410941014000000000e+09
1.410941042000000000e+09
1.410941441000000000e+09
1.410941610000000000e+09
1.410943595000000000e+09
1.410944614000000000e+09
1.410944719000000000e+09
1.410945856000000000e+09
1.410946444000000000e+09
1.410947559000000000e+09
1.410948657000000000e+09
1.410949784000000000e+09
1.410954615000000000e+09
1.410954710000000000e+09
1.410954805000000000e+09
1.410956683000000000e+09
1.410957582000000000e+09
1.410959035000000000e+09
1.410959729000000000e+09
1.410962125000000000e+09
1.410962574000000000e+09
1.410963649000000000e+09
1.410966550000000000e+09
1.410967427000000000e+09
1.410967675000000000e+09
1.410968463000000000e+09
1.410968764000000000e+09
1.410971502000000000e+09
1.410971743000000000e+09
1.410973101000000000e+09
1.410975746000000000e+09
1.410975755000000000e+09
1.410976055000000000e+09
1.410977364000000000e+09
1.410977620000000000e+09
1.410977945000000000e+09
1.410979682000000000e+09
1.410979935000000000e+09
1.410980696000000000e+09
1.410981060000000000e+09
1.410981611000000000e+09
1.410982247000000000e+09
1.410982690000000000e+09
1.410984711000000000e+09
1.410985108000000000e+09
1.410986464000000000e+09
1.410986612000000000e+09
1.410988220000000000e+09
1.410988753000000000e+09
1.410988814000000000e+09
1.410991167000000000e+09
1.410991380000000000e+09
1.410993294000000000e+09
1.410993889000000000e+09
1.410994168000000000e+09
1.410994738000000000e+09
1.410995928000000000e+09
1.410996052000000000e+09
1.410997159000000000e+09
1.410999528000000000e+09
1.411000360000000000e+09
1.411002564000000000e+09
1.411002683000000000e+09
1.411003721000000000e+09
1.411005130000000000e+09
1.411005609000000000e+09
1.411006292000000000e+09
1.411008946000000000e+09
1.411009768000000000e+09
1.411010348000000000e+09
1.411010862000000000e+09
1.411011454000000000e+09
1.411012154000000000e+09
1.411013137000000000e+09
1.411015032000000000e+09
1.411017669000000000e+09
1.411031435000000000e+09
1.411032097000000000e+09
1.411032177000000000e+09
1.411034037000000000e+09
1.411034291000000000e+09
1.411038235000000000e+09
1.411041043000000000e+09
1.411046012000000000e+09
1.411047134000000000e+09
1.411051291000000000e+09
1.411051573000000000e+09
1.411053309000000000e+09
1.411054727000000000e+09
1.411054759000000000e+09
1.411057652000000000e+09
1.411058173000000000e+09
1.411059090000000000e+09
1.411059125000000000e+09
1.411060132000000000e+09
1.411062325000000000e+09
1.411062602000000000e+09
1.411065301000000000e+09
1.411067302000000000e+09
1.411067885000000000e+09
1.411069158000000000e+09
1.411069757000000000e+09
1.411070097000000000e+09
1.411070691000000000e+09
1.411071389000000000e+09
1.411071439000000000e+09
1.411074877000000000e+09
1.411075487000000000e+09
1.411076529000000000e+09
1.411077184000000000e+09
1.411077821000000000e+09
1.411078703000000000e+09
1.411081669000000000e+09
1.411082234000000000e+09
1.411082253000000000e+09
1.411082266000000000e+09
1.411083224000000000e+09
1.411083687000000000e+09
1.411085628000000000e+09
1.411090734000000000e+09
1.411091231000000000e+09
1.411093524000000000e+09
1.411093717000000000e+09
1.411093832000000000e+09
1.411095240000000000e+09
1.411095728000000000e+09
1.411097233000000000e+09
1.411099849000000000e+09
1.411100885000000000e+09
1.411106802000000000e+09
1.411107195000000000e+09
1.411112789000000000e+09
1.411113012000000000e+09
1.411115798000000000e+09
1.411116644000000000e+09
1.411117459000000000e+09
1.411117676000000000e+09
1.411117720000000000e+09
1.411118686000000000e+09
1.411119813000000000e+09
1.411122918000000000e+09
1.411123017000000000e+09
1.411123352000000000e+09
1.411124001000000000e+09
1.411125018000000000e+09
1.411125186000000000e+09
1.411125255000000000e+09
1.411126124000000000e+09
1.411129581000000000e+09
1.411130898000000000e+09
1.411132076000000000e+09
1.411137788000000000e+09
1.411141096000000000e+09
1.411141860000000000e+09
1.411142201000000000e+09
1.411143399000000000e+09
1.411143575000000000e+09
1.411146653000000000e+09
1.411149899000000000e+09
1.411149946000000000e+09
1.411150247000000000e+09
1.411150600000000000e+09
1.411150604000000000e+09
1.411153904000000000e+09
1.411155072000000000e+09
1.411157773000000000e+09
1.411158428000000000e+09
1.411158897000000000e+09
1.411160113000000000e+09
1.411161361000000000e+09
1.411161840000000000e+09
1.411163679000000000e+09
1.411164641000000000e+09
1.411167424000000000e+09
1.411170980000000000e+09
1.411172108000000000e+09
1.411172621000000000e+09
1.411172894000000000e+09
1.411173986000000000e+09
1.411176531000000000e+09
1.411177787000000000e+09
1.411178083000000000e+09
1.411179066000000000e+09
1.411179122000000000e+09
