2.344000000000000000e+03
2.511000000000000000e+03
7.840000000000000000e+02
4.060000000000000000e+02
1.906000000000000000e+03
3.230000000000000000e+02
1.376000000000000000e+03
3.100000000000000000e+01
1.401000000000000000e+03
1.580000000000000000e+03
5.620000000000000000e+02
1.710000000000000000e+02
6.736000000000000000e+03
4.620000000000000000e+02
6.490000000000000000e+02
1.243000000000000000e+03
7.965000000000000000e+03
1.070000000000000000e+02
9.100000000000000000e+01
6.090000000000000000e+02
1.150000000000000000e+02
3.410000000000000000e+03
4.190000000000000000e+02
4.180000000000000000e+02
9.810000000000000000e+02
3.680000000000000000e+02
7.300000000000000000e+01
2.000000000000000000e+02
3.278000000000000000e+03
3.710000000000000000e+02
2.487000000000000000e+03
4.250000000000000000e+02
2.600000000000000000e+01
4.130000000000000000e+02
2.302000000000000000e+03
3.320000000000000000e+02
1.613000000000000000e+03
3.163000000000000000e+03
1.143000000000000000e+03
2.382000000000000000e+03
1.355000000000000000e+03
4.720000000000000000e+02
2.550000000000000000e+02
7.700000000000000000e+01
1.226000000000000000e+03
2.800000000000000000e+02
8.750000000000000000e+02
3.410000000000000000e+02
2.600000000000000000e+01
5.480000000000000000e+02
2.663000000000000000e+03
1.782000000000000000e+03
2.205000000000000000e+03
9.600000000000000000e+01
5.980000000000000000e+02
1.620000000000000000e+03
3.510000000000000000e+02
7.860000000000000000e+02
1.050000000000000000e+02
1.100000000000000000e+03
8.100000000000000000e+01
2.213000000000000000e+03
1.210000000000000000e+02
6.970000000000000000e+02
6.730000000000000000e+02
3.170000000000000000e+02
4.860000000000000000e+02
8.621000000000000000e+03
4.240000000000000000e+02
3.500000000000000000e+02
2.380000000000000000e+02
3.185000000000000000e+03
8.650000000000000000e+02
1.002000000000000000e+03
2.877000000000000000e+03
4.320000000000000000e+02
1.410000000000000000e+02
1.765000000000000000e+03
1.064000000000000000e+03
6.000000000000000000e+00
2.550000000000000000e+02
5.490000000000000000e+02
1.729000000000000000e+03
3.340000000000000000e+02
1.554000000000000000e+03
4.484000000000000000e+03
9.430000000000000000e+02
4.670000000000000000e+02
1.398000000000000000e+03
1.501000000000000000e+03
7.910000000000000000e+02
5.540000000000000000e+02
1.315000000000000000e+03
1.900000000000000000e+01
6.720000000000000000e+02
3.234000000000000000e+03
1.602000000000000000e+03
1.760000000000000000e+02
1.305000000000000000e+03
1.730000000000000000e+02
8.300000000000000000e+01
2.230000000000000000e+02
1.844000000000000000e+03
2.071000000000000000e+03
1.544000000000000000e+03
1.502000000000000000e+03
5.180000000000000000e+02
2.000000000000000000e+00
3.770000000000000000e+02
3.451000000000000000e+03
4.200000000000000000e+01
2.797000000000000000e+03
3.651000000000000000e+03
6.250000000000000000e+02
8.200000000000000000e+01
1.370000000000000000e+02
7.190000000000000000e+02
8.450000000000000000e+02
1.511000000000000000e+03
1.092000000000000000e+03
9.420000000000000000e+02
1.018000000000000000e+03
2.161000000000000000e+03
2.560000000000000000e+02
1.050000000000000000e+02
3.571000000000000000e+03
1.202000000000000000e+03
1.167000000000000000e+03
3.510000000000000000e+02
1.044000000000000000e+03
1.520000000000000000e+02
1.381000000000000000e+03
1.380000000000000000e+03
4.500000000000000000e+01
8.030000000000000000e+02
2.184000000000000000e+03
4.110000000000000000e+02
4.370000000000000000e+02
6.880000000000000000e+02
3.270000000000000000e+02
3.238000000000000000e+03
7.050000000000000000e+02
4.100000000000000000e+01
2.300000000000000000e+02
1.546000000000000000e+03
1.990000000000000000e+02
2.000000000000000000e+01
5.600000000000000000e+02
1.083000000000000000e+03
5.570000000000000000e+02
8.600000000000000000e+02
2.600000000000000000e+01
3.541000000000000000e+03
1.310000000000000000e+02
8.910000000000000000e+02
7.600000000000000000e+02
4.670000000000000000e+02
3.001000000000000000e+03
2.142000000000000000e+03
7.099000000000000000e+03
1.939000000000000000e+03
2.534000000000000000e+03
3.200000000000000000e+01
2.175000000000000000e+03
1.526000000000000000e+03
4.200000000000000000e+01
9.100000000000000000e+02
9.680000000000000000e+02
5.940000000000000000e+02
2.630000000000000000e+02
3.720000000000000000e+02
1.772000000000000000e+03
5.170000000000000000e+02
5.600000000000000000e+01
5.660000000000000000e+02
1.917000000000000000e+03
3.490000000000000000e+02
1.533000000000000000e+03
1.990000000000000000e+02
1.800000000000000000e+02
1.300000000000000000e+01
3.985000000000000000e+03
2.405000000000000000e+03
1.100000000000000000e+01
3.410000000000000000e+02
3.517000000000000000e+03
1.214000000000000000e+03
1.116000000000000000e+03
1.270000000000000000e+02
2.730000000000000000e+02
1.320000000000000000e+02
2.240000000000000000e+02
3.510000000000000000e+03
4.860000000000000000e+02
1.315000000000000000e+03
4.050000000000000000e+02
2.720000000000000000e+03
3.741000000000000000e+03
2.297000000000000000e+03
5.047000000000000000e+03
8.970000000000000000e+02
3.012000000000000000e+03
3.140000000000000000e+02
4.505000000000000000e+03
2.480000000000000000e+02
4.380000000000000000e+02
4.318000000000000000e+03
3.470000000000000000e+02
1.268000000000000000e+03
2.172000000000000000e+03
2.990000000000000000e+02
4.700000000000000000e+01
7.240000000000000000e+02
4.630000000000000000e+02
9.210000000000000000e+02
5.030000000000000000e+02
7.880000000000000000e+02
1.536000000000000000e+03
5.580000000000000000e+02
7.230000000000000000e+02
3.600000000000000000e+02
5.810000000000000000e+02
6.062000000000000000e+03
1.325000000000000000e+03
9.620000000000000000e+02
3.323000000000000000e+03
3.262000000000000000e+03
1.800000000000000000e+01
7.000000000000000000e+00
2.470000000000000000e+03
1.782000000000000000e+03
3.568000000000000000e+03
2.330000000000000000e+02
1.530000000000000000e+02
8.650000000000000000e+02
1.140000000000000000e+03
1.556000000000000000e+03
2.364000000000000000e+03
3.280000000000000000e+02
1.889000000000000000e+03
6.105000000000000000e+03
4.870000000000000000e+02
1.003000000000000000e+03
8.400000000000000000e+02
4.613000000000000000e+03
1.301000000000000000e+03
2.373000000000000000e+03
5.740000000000000000e+02
5.220000000000000000e+02
4.000000000000000000e+00
1.933000000000000000e+03
2.290000000000000000e+03
1.332000000000000000e+03
2.751000000000000000e+03
1.725000000000000000e+03
2.940000000000000000e+02
1.110000000000000000e+02
1.760000000000000000e+02
6.680000000000000000e+02
1.463000000000000000e+03
4.740000000000000000e+02
1.066000000000000000e+03
3.200000000000000000e+01
4.381000000000000000e+03
8.850000000000000000e+02
4.230000000000000000e+02
2.825000000000000000e+03
1.717000000000000000e+03
1.226000000000000000e+03
2.878000000000000000e+03
1.115000000000000000e+03
2.629000000000000000e+03
1.404000000000000000e+03
8.830000000000000000e+02
2.006000000000000000e+03
9.296000000000000000e+03
1.900000000000000000e+01
2.200000000000000000e+02
3.760000000000000000e+02
1.592000000000000000e+03
1.787000000000000000e+03
9.800000000000000000e+01
4.462000000000000000e+03
8.150000000000000000e+02
2.868000000000000000e+03
1.023000000000000000e+03
7.900000000000000000e+01
4.700000000000000000e+01
9.350000000000000000e+02
4.960000000000000000e+02
4.740000000000000000e+02
9.690000000000000000e+02
1.290000000000000000e+02
7.840000000000000000e+02
6.633000000000000000e+03
4.448000000000000000e+03
2.467000000000000000e+03
6.140000000000000000e+02
6.880000000000000000e+02
8.400000000000000000e+02
3.170000000000000000e+02
2.000000000000000000e+01
7.400000000000000000e+01
9.410000000000000000e+02
1.005000000000000000e+03
1.000000000000000000e+00
1.650000000000000000e+02
7.160000000000000000e+02
4.562000000000000000e+03
8.820000000000000000e+02
1.909000000000000000e+03
1.301000000000000000e+03
1.352000000000000000e+03
2.930000000000000000e+02
6.510000000000000000e+02
1.715000000000000000e+03
1.650000000000000000e+02
1.731000000000000000e+03
1.770000000000000000e+02
2.239000000000000000e+03
3.310000000000000000e+02
1.949000000000000000e+03
8.490000000000000000e+02
1.140000000000000000e+02
1.865000000000000000e+03
1.870000000000000000e+02
9.900000000000000000e+01
2.641000000000000000e+03
1.170000000000000000e+02
1.598000000000000000e+03
4.080000000000000000e+02
2.757000000000000000e+03
1.675000000000000000e+03
4.840000000000000000e+02
6.030000000000000000e+02
6.800000000000000000e+01
2.290000000000000000e+02
2.422000000000000000e+03
2.000000000000000000e+00
5.290000000000000000e+02
6.810000000000000000e+02
5.610000000000000000e+02
5.922000000000000000e+03
1.223000000000000000e+03
3.920000000000000000e+03
1.410000000000000000e+02
2.587000000000000000e+03
1.124000000000000000e+03
1.440000000000000000e+02
2.591000000000000000e+03
7.007000000000000000e+03
3.160000000000000000e+02
1.140000000000000000e+02
2.126000000000000000e+03
1.353000000000000000e+03
7.940000000000000000e+02
9.810000000000000000e+02
2.232000000000000000e+03
4.850000000000000000e+02
2.554000000000000000e+03
8.500000000000000000e+01
1.282000000000000000e+03
1.424000000000000000e+03
7.900000000000000000e+01
1.451000000000000000e+03
1.734000000000000000e+03
2.090000000000000000e+02
2.746000000000000000e+03
1.533000000000000000e+03
9.340000000000000000e+02
3.160000000000000000e+02
8.900000000000000000e+02
1.050000000000000000e+02
3.520000000000000000e+02
2.192000000000000000e+03
6.110000000000000000e+02
6.040000000000000000e+02
5.200000000000000000e+02
8.140000000000000000e+02
8.420000000000000000e+02
2.900000000000000000e+02
1.488000000000000000e+03
4.980000000000000000e+02
4.176000000000000000e+03
7.020000000000000000e+02
3.670000000000000000e+02
2.450000000000000000e+02
3.840000000000000000e+03
7.650000000000000000e+02
9.882000000000000000e+03
7.040000000000000000e+02
3.824000000000000000e+03
1.064000000000000000e+03
1.610000000000000000e+02
9.580000000000000000e+02
1.599000000000000000e+03
1.637000000000000000e+03
6.463000000000000000e+03
7.890000000000000000e+02
1.106000000000000000e+03
8.880000000000000000e+02
3.089000000000000000e+03
9.830000000000000000e+02
4.105000000000000000e+03
3.127600000000000000e+04
1.140000000000000000e+02
5.950000000000000000e+02
1.250000000000000000e+02
1.316000000000000000e+03
2.030000000000000000e+03
6.660000000000000000e+02
3.892000000000000000e+03
5.681000000000000000e+03
2.340000000000000000e+02
2.150000000000000000e+02
1.473000000000000000e+03
8.200000000000000000e+01
1.001000000000000000e+03
1.400000000000000000e+03
2.550000000000000000e+02
3.141000000000000000e+03
2.060000000000000000e+02
3.440000000000000000e+02
2.120000000000000000e+02
3.860000000000000000e+02
1.110000000000000000e+02
3.547000000000000000e+03
7.200000000000000000e+01
6.720000000000000000e+02
9.900000000000000000e+01
1.872000000000000000e+03
1.060000000000000000e+02
1.288000000000000000e+03
1.386000000000000000e+03
6.628000000000000000e+03
9.680000000000000000e+02
7.300000000000000000e+01
1.140000000000000000e+03
6.600000000000000000e+01
2.770000000000000000e+02
1.922000000000000000e+03
1.340000000000000000e+02
6.260000000000000000e+02
1.052500000000000000e+04
1.701000000000000000e+03
3.620000000000000000e+02
5.460000000000000000e+02
1.632000000000000000e+03
6.970000000000000000e+02
9.620000000000000000e+02
9.220000000000000000e+02
1.661000000000000000e+03
4.064000000000000000e+03
1.499000000000000000e+03
4.250000000000000000e+03
3.408000000000000000e+03
1.759000000000000000e+03
2.140000000000000000e+02
1.352000000000000000e+03
6.790000000000000000e+02
6.990000000000000000e+02
8.290000000000000000e+02
1.879000000000000000e+03
2.412000000000000000e+03
9.660000000000000000e+02
3.360000000000000000e+02
1.000000000000000000e+01
2.328000000000000000e+03
2.374000000000000000e+03
1.290000000000000000e+02
3.872000000000000000e+03
7.040000000000000000e+02
8.200000000000000000e+01
3.818000000000000000e+03
1.719000000000000000e+03
1.101000000000000000e+03
1.960000000000000000e+02
1.012000000000000000e+03
2.860000000000000000e+03
2.780000000000000000e+02
2.090000000000000000e+02
3.530000000000000000e+02
1.100000000000000000e+03
6.697000000000000000e+03
1.211000000000000000e+03
1.745000000000000000e+03
8.900000000000000000e+02
2.020000000000000000e+03
3.750000000000000000e+02
2.347000000000000000e+03
2.143000000000000000e+03
1.877000000000000000e+03
1.479000000000000000e+03
1.220000000000000000e+02
1.364000000000000000e+03
8.170000000000000000e+02
1.919000000000000000e+03
5.517000000000000000e+03
1.114000000000000000e+03
4.500000000000000000e+01
9.200000000000000000e+02
2.288000000000000000e+03
3.313000000000000000e+03
3.259000000000000000e+03
3.814000000000000000e+03
1.393000000000000000e+03
5.830000000000000000e+02
1.050000000000000000e+02
1.268000000000000000e+03
1.705000000000000000e+03
4.660000000000000000e+02
6.050000000000000000e+02
2.454000000000000000e+03
7.100000000000000000e+01
1.272000000000000000e+03
9.200000000000000000e+01
3.372000000000000000e+03
3.443000000000000000e+03
1.892000000000000000e+03
6.300000000000000000e+02
9.100000000000000000e+01
2.530000000000000000e+02
3.360000000000000000e+03
1.895000000000000000e+03
1.843000000000000000e+03
9.000000000000000000e+00
1.020000000000000000e+03
1.469000000000000000e+03
4.291000000000000000e+03
2.442000000000000000e+03
7.070000000000000000e+02
2.631000000000000000e+03
3.527000000000000000e+03
2.879000000000000000e+03
7.250000000000000000e+02
6.120000000000000000e+02
1.053000000000000000e+03
6.420000000000000000e+02
6.180000000000000000e+02
6.530000000000000000e+02
3.717000000000000000e+03
1.737000000000000000e+03
6.420000000000000000e+02
1.150000000000000000e+03
1.652000000000000000e+03
1.029000000000000000e+03
2.040000000000000000e+02
8.220000000000000000e+02
1.647000000000000000e+03
4.050000000000000000e+02
5.028000000000000000e+03
3.466800000000000000e+04
8.620000000000000000e+02
6.420000000000000000e+02
1.860000000000000000e+02
6.150000000000000000e+02
1.521000000000000000e+03
1.847000000000000000e+03
1.403000000000000000e+03
5.119000000000000000e+03
1.831000000000000000e+03
3.082000000000000000e+03
4.150000000000000000e+02
1.140000000000000000e+02
2.663000000000000000e+03
3.910000000000000000e+02
8.220000000000000000e+02
5.025000000000000000e+03
3.040000000000000000e+02
5.100000000000000000e+02
4.020000000000000000e+02
2.420000000000000000e+02
2.061000000000000000e+03
4.777000000000000000e+03
1.021000000000000000e+03
8.020000000000000000e+02
1.100000000000000000e+02
1.186000000000000000e+03
2.468000000000000000e+03
5.200000000000000000e+01
8.580000000000000000e+02
1.997000000000000000e+03
1.316000000000000000e+03
3.290000000000000000e+02
5.560000000000000000e+02
2.425000000000000000e+03
6.992000000000000000e+03
1.840000000000000000e+02
1.796000000000000000e+03
3.800000000000000000e+01
1.363000000000000000e+03
1.532000000000000000e+03
7.320000000000000000e+03
2.998000000000000000e+03
2.630000000000000000e+02
9.610000000000000000e+02
2.041000000000000000e+03
1.123000000000000000e+03
1.275000000000000000e+03
1.667000000000000000e+03
2.809000000000000000e+03
1.189000000000000000e+03
1.397000000000000000e+03
1.646000000000000000e+03
2.176000000000000000e+03
1.705000000000000000e+03
5.550000000000000000e+02
2.113000000000000000e+03
2.720000000000000000e+02
1.282000000000000000e+03
9.090000000000000000e+02
2.320000000000000000e+03
1.280000000000000000e+02
1.242000000000000000e+03
4.340000000000000000e+02
1.900000000000000000e+01
5.430000000000000000e+02
2.093000000000000000e+03
2.968000000000000000e+03
9.490000000000000000e+02
1.412000000000000000e+03
1.780000000000000000e+02
8.015000000000000000e+03
1.937000000000000000e+03
1.080000000000000000e+03
1.387000000000000000e+03
9.370000000000000000e+02
5.200000000000000000e+01
1.460000000000000000e+03
1.101000000000000000e+03
2.185000000000000000e+03
6.210000000000000000e+02
1.594000000000000000e+03
2.570000000000000000e+02
1.578000000000000000e+03
2.074000000000000000e+03
6.900000000000000000e+01
3.351000000000000000e+03
9.150000000000000000e+02
1.430000000000000000e+03
3.400000000000000000e+02
2.871000000000000000e+03
3.300000000000000000e+02
3.150000000000000000e+02
1.399000000000000000e+03
6.770000000000000000e+02
1.144080000000000000e+05
1.682000000000000000e+03
1.205000000000000000e+03
2.940000000000000000e+02
3.151000000000000000e+03
8.400000000000000000e+01
7.670000000000000000e+02
6.750000000000000000e+02
2.182000000000000000e+03
8.390000000000000000e+02
2.533000000000000000e+03
2.890000000000000000e+02
2.900000000000000000e+02
6.048000000000000000e+03
3.361000000000000000e+03
9.590000000000000000e+02
6.330000000000000000e+03
9.000000000000000000e+00
1.631000000000000000e+03
5.100000000000000000e+01
6.490000000000000000e+02
1.392000000000000000e+03
1.431000000000000000e+03
3.969000000000000000e+03
2.170000000000000000e+02
8.600000000000000000e+01
6.620000000000000000e+02
1.100000000000000000e+02
9.390000000000000000e+02
5.000000000000000000e+01
1.107000000000000000e+03
2.174000000000000000e+03
9.430000000000000000e+02
2.044000000000000000e+03
2.960000000000000000e+02
1.029000000000000000e+03
1.030000000000000000e+03
1.771000000000000000e+03
4.000000000000000000e+01
2.520000000000000000e+02
1.114000000000000000e+03
6.430000000000000000e+02
2.000000000000000000e+02
1.053000000000000000e+03
5.490000000000000000e+02
2.018000000000000000e+03
2.014000000000000000e+03
1.930000000000000000e+02
1.460000000000000000e+03
3.670000000000000000e+02
2.616000000000000000e+03
4.477000000000000000e+03
1.004000000000000000e+03
7.300000000000000000e+01
5.300000000000000000e+01
1.175000000000000000e+03
1.578000000000000000e+03
9.169000000000000000e+03
6.110000000000000000e+02
1.534000000000000000e+03
6.750000000000000000e+02
4.241000000000000000e+03
3.174000000000000000e+03
4.930000000000000000e+02
3.287000000000000000e+03
6.860000000000000000e+02
4.920000000000000000e+02
9.430000000000000000e+02
3.387000000000000000e+03
7.737000000000000000e+03
4.181000000000000000e+03
6.430000000000000000e+02
1.332000000000000000e+03
1.763000000000000000e+03
3.896000000000000000e+03
3.125000000000000000e+03
8.120000000000000000e+02
4.590000000000000000e+02
2.368000000000000000e+03
2.000000000000000000e+01
9.120000000000000000e+02
1.067000000000000000e+03
7.600000000000000000e+01
1.200000000000000000e+01
3.973000000000000000e+03
4.123000000000000000e+03
1.510000000000000000e+02
2.892000000000000000e+03
1.007000000000000000e+03
4.531000000000000000e+03
1.236400000000000000e+04
3.329000000000000000e+03
3.560000000000000000e+02
5.360000000000000000e+02
4.090000000000000000e+02
3.800000000000000000e+02
4.919000000000000000e+03
1.218000000000000000e+03
3.597000000000000000e+03
4.855000000000000000e+03
2.923000000000000000e+03
3.090000000000000000e+02
5.600000000000000000e+01
2.090000000000000000e+02
3.600000000000000000e+01
2.428000000000000000e+03
5.400000000000000000e+01
6.190000000000000000e+02
1.370000000000000000e+02
6.270000000000000000e+02
3.141000000000000000e+03
8.100000000000000000e+01
1.626000000000000000e+03
3.180000000000000000e+02
2.414000000000000000e+03
6.430000000000000000e+02
1.416000000000000000e+03
6.160000000000000000e+02
1.376000000000000000e+03
1.300000000000000000e+01
7.350000000000000000e+02
2.565000000000000000e+03
4.392000000000000000e+03
1.574000000000000000e+03
1.253000000000000000e+03
2.112000000000000000e+03
3.250000000000000000e+02
1.431000000000000000e+03
6.600000000000000000e+02
2.000000000000000000e+02
1.959000000000000000e+03
2.120000000000000000e+03
1.270000000000000000e+03
8.500000000000000000e+01
6.430000000000000000e+02
2.248000000000000000e+03
7.800000000000000000e+02
2.680000000000000000e+02
4.410000000000000000e+02
2.600000000000000000e+01
2.542000000000000000e+03
1.900000000000000000e+02
1.406000000000000000e+03
6.870000000000000000e+02
1.447000000000000000e+03
7.300000000000000000e+02
3.220000000000000000e+03
4.770000000000000000e+03
2.165000000000000000e+03
5.190000000000000000e+02
3.495000000000000000e+03
3.369000000000000000e+03
3.027000000000000000e+03
2.533000000000000000e+03
3.600000000000000000e+03
4.085000000000000000e+03
1.877000000000000000e+03
2.639000000000000000e+03
3.197000000000000000e+03
2.960000000000000000e+02
2.866000000000000000e+03
2.261000000000000000e+03
3.660000000000000000e+02
2.076000000000000000e+03
2.706000000000000000e+03
1.760000000000000000e+02
1.768000000000000000e+03
1.123000000000000000e+03
1.663000000000000000e+03
2.630000000000000000e+02
7.030000000000000000e+02
1.468000000000000000e+03
5.200000000000000000e+01
9.590000000000000000e+02
7.230000000000000000e+02
3.620000000000000000e+02
6.690000000000000000e+02
1.864000000000000000e+03
1.938000000000000000e+03
2.020000000000000000e+02
1.596000000000000000e+03
1.300000000000000000e+03
2.010000000000000000e+02
4.810000000000000000e+02
1.166000000000000000e+03
3.809000000000000000e+03
2.269000000000000000e+03
1.168000000000000000e+03
1.836000000000000000e+03
2.493000000000000000e+03
2.332000000000000000e+03
1.859000000000000000e+03
2.362500000000000000e+04
3.495000000000000000e+03
2.670000000000000000e+02
5.250000000000000000e+02
5.200000000000000000e+01
4.916000000000000000e+03
2.884000000000000000e+03
1.757000000000000000e+03
9.040000000000000000e+02
3.598000000000000000e+03
9.960000000000000000e+02
2.229000000000000000e+03
4.570000000000000000e+02
2.176000000000000000e+03
3.430000000000000000e+02
6.352000000000000000e+03
2.873000000000000000e+03
2.204000000000000000e+03
2.990000000000000000e+02
4.410000000000000000e+02
7.900000000000000000e+02
7.720000000000000000e+02
1.273000000000000000e+03
1.471000000000000000e+03
1.370000000000000000e+02
1.050000000000000000e+02
1.566000000000000000e+03
1.081000000000000000e+03
3.317000000000000000e+03
2.600000000000000000e+01
9.540000000000000000e+02
3.157000000000000000e+03
3.433000000000000000e+03
3.204000000000000000e+03
9.000000000000000000e+02
1.800000000000000000e+01
1.916000000000000000e+03
1.702000000000000000e+03
1.387000000000000000e+03
4.300000000000000000e+02
1.750000000000000000e+02
1.670000000000000000e+02
8.410000000000000000e+02
1.097000000000000000e+03
2.130000000000000000e+02
1.213000000000000000e+03
5.310000000000000000e+02
8.649000000000000000e+03
1.017000000000000000e+03
1.316000000000000000e+03
1.555000000000000000e+03
1.126000000000000000e+03
3.744000000000000000e+03
9.020000000000000000e+02
1.100000000000000000e+01
1.696000000000000000e+03
3.200000000000000000e+02
2.879000000000000000e+03
1.473000000000000000e+03
1.161000000000000000e+03
3.840000000000000000e+02
1.628000000000000000e+03
1.702000000000000000e+03
1.730000000000000000e+02
2.000000000000000000e+01
2.630000000000000000e+03
2.510000000000000000e+02
5.300000000000000000e+01
1.201000000000000000e+03
1.587000000000000000e+03
2.127000000000000000e+03
6.930000000000000000e+02
5.155000000000000000e+03
9.560000000000000000e+02
1.762000000000000000e+03
7.539000000000000000e+03
5.080000000000000000e+02
1.033000000000000000e+03
1.226000000000000000e+03
8.000000000000000000e+01
2.825000000000000000e+03
3.110000000000000000e+02
1.226000000000000000e+03
8.540000000000000000e+02
5.760000000000000000e+02
1.231000000000000000e+03
1.816000000000000000e+03
4.888000000000000000e+03
3.990000000000000000e+02
9.050000000000000000e+02
1.267000000000000000e+03
6.290000000000000000e+02
7.960000000000000000e+02
2.065000000000000000e+03
2.400000000000000000e+02
6.430000000000000000e+02
7.200000000000000000e+01
1.806000000000000000e+03
4.993000000000000000e+03
7.834000000000000000e+03
4.380000000000000000e+02
1.072000000000000000e+03
1.229000000000000000e+03
3.111000000000000000e+03
2.048000000000000000e+03
2.620000000000000000e+02
6.980000000000000000e+02
2.929000000000000000e+03
1.862000000000000000e+03
4.336000000000000000e+03
2.342000000000000000e+03
7.080000000000000000e+02
3.248000000000000000e+03
4.154000000000000000e+03
1.943000000000000000e+03
4.345000000000000000e+03
1.484000000000000000e+03
2.037000000000000000e+03
9.526000000000000000e+03
6.870000000000000000e+02
1.569000000000000000e+03
6.200000000000000000e+01
3.887000000000000000e+03
2.317000000000000000e+03
1.476000000000000000e+03
1.687000000000000000e+03
1.560000000000000000e+02
2.835000000000000000e+03
2.590000000000000000e+02
3.068000000000000000e+03
1.040000000000000000e+02
1.274000000000000000e+03
8.980000000000000000e+02
4.790000000000000000e+02
2.143000000000000000e+03
8.900000000000000000e+02
3.018000000000000000e+03
3.000000000000000000e+02
2.524000000000000000e+03
2.250000000000000000e+02
7.960000000000000000e+02
1.289000000000000000e+03
2.460000000000000000e+02
3.800000000000000000e+01
7.702000000000000000e+03
6.544000000000000000e+03
1.380000000000000000e+03
3.350000000000000000e+03
1.221000000000000000e+03
8.200000000000000000e+02
7.012000000000000000e+03
8.475000000000000000e+03
1.317000000000000000e+03
6.640000000000000000e+02
2.250000000000000000e+02
1.510000000000000000e+02
2.263000000000000000e+03
7.430000000000000000e+02
3.400000000000000000e+02
2.853000000000000000e+03
7.400000000000000000e+02
1.215000000000000000e+03
2.088000000000000000e+03
4.246000000000000000e+03
8.702000000000000000e+03
2.744000000000000000e+03
9.880000000000000000e+02
1.902000000000000000e+03
2.360000000000000000e+02
7.770000000000000000e+02
5.830000000000000000e+02
4.236000000000000000e+03
1.736000000000000000e+03
1.234000000000000000e+03
1.820000000000000000e+03
2.116000000000000000e+03
6.150000000000000000e+02
3.282000000000000000e+03
1.829000000000000000e+03
1.440000000000000000e+02
3.520000000000000000e+02
1.280000000000000000e+02
2.485000000000000000e+03
7.355000000000000000e+03
2.151000000000000000e+03
2.661000000000000000e+03
2.450000000000000000e+02
5.620000000000000000e+02
1.802000000000000000e+03
1.002000000000000000e+03
1.868000000000000000e+03
1.215000000000000000e+03
7.880000000000000000e+02
1.144000000000000000e+03
7.890000000000000000e+03
2.720000000000000000e+03
5.640000000000000000e+02
9.584000000000000000e+03
6.860000000000000000e+02
6.476000000000000000e+03
1.076000000000000000e+03
5.060000000000000000e+02
4.681000000000000000e+03
1.628000000000000000e+03
1.640000000000000000e+02
6.650000000000000000e+02
4.767000000000000000e+03
6.058000000000000000e+03
8.010000000000000000e+02
9.900000000000000000e+01
1.716000000000000000e+03
1.389000000000000000e+03
1.636000000000000000e+03
2.650000000000000000e+02
4.524000000000000000e+03
8.660000000000000000e+02
9.262000000000000000e+03
7.080000000000000000e+02
8.760000000000000000e+02
8.220000000000000000e+02
1.208000000000000000e+03
6.900000000000000000e+02
6.610000000000000000e+02
3.843000000000000000e+03
9.700000000000000000e+01
7.760000000000000000e+02
2.100000000000000000e+01
3.744000000000000000e+03
3.827000000000000000e+03
3.438000000000000000e+03
6.780000000000000000e+02
7.400000000000000000e+02
2.636000000000000000e+03
3.319000000000000000e+03
1.759000000000000000e+03
5.363000000000000000e+03
1.941000000000000000e+03
2.530000000000000000e+02
1.540000000000000000e+02
4.900000000000000000e+01
4.410000000000000000e+02
7.700000000000000000e+02
1.670000000000000000e+02
3.124000000000000000e+03
1.040000000000000000e+03
7.660000000000000000e+02
1.129000000000000000e+03
3.410000000000000000e+02
2.017000000000000000e+03
2.123000000000000000e+03
1.513000000000000000e+03
3.142000000000000000e+03
1.861000000000000000e+03
5.900000000000000000e+01
3.006000000000000000e+03
2.770000000000000000e+03
5.300000000000000000e+02
1.859000000000000000e+03
2.921000000000000000e+03
8.630000000000000000e+02
2.875000000000000000e+03
1.367000000000000000e+03
1.400000000000000000e+02
2.429000000000000000e+03
3.864000000000000000e+03
1.028000000000000000e+03
4.060000000000000000e+02
1.872000000000000000e+03
1.973000000000000000e+03
1.808000000000000000e+03
2.321000000000000000e+03
3.073000000000000000e+03
1.884000000000000000e+03
3.148000000000000000e+03
1.039000000000000000e+03
6.200000000000000000e+01
1.063000000000000000e+03
6.723000000000000000e+03
4.378000000000000000e+03
2.505000000000000000e+03
2.005000000000000000e+03
2.630000000000000000e+03
6.710000000000000000e+02
3.830000000000000000e+02
9.600000000000000000e+02
1.080000000000000000e+02
4.570000000000000000e+02
2.133000000000000000e+03
1.270000000000000000e+02
2.800000000000000000e+01
9.460000000000000000e+02
6.780000000000000000e+02
9.470000000000000000e+02
1.743000000000000000e+03
1.992000000000000000e+03
1.183000000000000000e+03
4.610000000000000000e+02
1.901000000000000000e+03
8.240000000000000000e+02
3.524000000000000000e+03
1.145000000000000000e+03
2.213000000000000000e+03
2.350000000000000000e+03
4.908000000000000000e+03
2.874000000000000000e+03
9.328000000000000000e+03
1.025000000000000000e+03
9.690000000000000000e+02
2.779000000000000000e+03
6.300000000000000000e+01
3.741000000000000000e+03
4.457000000000000000e+03
4.852000000000000000e+03
1.156000000000000000e+03
4.190000000000000000e+02
2.051000000000000000e+03
7.498000000000000000e+03
6.560000000000000000e+02
9.300000000000000000e+02
2.256000000000000000e+03
3.350000000000000000e+02
