1.414088008000000000e+09
1.414088327000000000e+09
1.414088387000000000e+09
1.414089723000000000e+09
1.414090472000000000e+09
1.414090960000000000e+09
1.414093139000000000e+09
1.414097398000000000e+09
1.414101048000000000e+09
1.414118592000000000e+09
1.414119749000000000e+09
1.414120707000000000e+09
1.414124163000000000e+09
1.414124725000000000e+09
1.414125176000000000e+09
1.414125225000000000e+09
1.414125363000000000e+09
1.414133987000000000e+09
1.414136964000000000e+09
1.414722384000000000e+09
1.414722655000000000e+09
1.414723523000000000e+09
1.414723596000000000e+09
1.414726965000000000e+09
1.414727995000000000e+09
1.414730388000000000e+09
1.414732908000000000e+09
1.414736349000000000e+09
1.414744893000000000e+09
1.414745344000000000e+09
1.414747031000000000e+09
1.414755060000000000e+09
1.414755473000000000e+09
1.414756959000000000e+09
1.414757250000000000e+09
1.414759014000000000e+09
1.414775340000000000e+09
1.414778398000000000e+09
1.414779670000000000e+09
1.414782328000000000e+09
1.414782729000000000e+09
1.414783190000000000e+09
1.414783885000000000e+09
1.414785023000000000e+09
1.414801712000000000e+09
1.414803847000000000e+09
1.414805014000000000e+09
1.414807425000000000e+09
1.414808775000000000e+09
1.414809121000000000e+09
1.414810856000000000e+09
1.414815642000000000e+09
1.414816063000000000e+09
1.414820459000000000e+09
1.414834003000000000e+09
1.414835191000000000e+09
1.414836600000000000e+09
1.414837663000000000e+09
1.414847409000000000e+09
1.414847656000000000e+09
1.414852195000000000e+09
1.414852214000000000e+09
1.414854453000000000e+09
1.414863168000000000e+09
1.414864082000000000e+09
1.414866015000000000e+09
1.414867581000000000e+09
1.414871104000000000e+09
1.414876903000000000e+09
1.414879271000000000e+09
1.414880451000000000e+09
1.414880657000000000e+09
1.414882507000000000e+09
1.414887399000000000e+09
1.414891127000000000e+09
1.414891206000000000e+09
1.414891220000000000e+09
1.414891280000000000e+09
1.414896378000000000e+09
1.414897857000000000e+09
1.414900428000000000e+09
1.414902518000000000e+09
1.414903609000000000e+09
1.414904514000000000e+09
1.414904957000000000e+09
1.414912505000000000e+09
1.414912977000000000e+09
1.414915705000000000e+09
1.414916707000000000e+09
1.414916919000000000e+09
1.414928866000000000e+09
1.414940349000000000e+09
1.414946727000000000e+09
1.414948652000000000e+09
1.414950976000000000e+09
1.414951544000000000e+09
1.414951840000000000e+09
1.414957785000000000e+09
1.414958074000000000e+09
1.414959046000000000e+09
1.414959477000000000e+09
1.414961220000000000e+09
1.414962027000000000e+09
1.414962384000000000e+09
1.414962407000000000e+09
1.414962439000000000e+09
1.414963145000000000e+09
1.414964027000000000e+09
1.414968460000000000e+09
1.414969630000000000e+09
1.414969988000000000e+09
1.414973627000000000e+09
1.414974843000000000e+09
1.414975518000000000e+09
1.414976777000000000e+09
1.414978685000000000e+09
1.414980906000000000e+09
1.414984816000000000e+09
1.414990634000000000e+09
1.414998280000000000e+09
1.415000083000000000e+09
1.415000386000000000e+09
1.415006266000000000e+09
1.415032635000000000e+09
1.415034050000000000e+09
1.415034310000000000e+09
1.415037140000000000e+09
1.415038856000000000e+09
1.415040079000000000e+09
1.415045016000000000e+09
1.415046068000000000e+09
1.415051607000000000e+09
1.415061313000000000e+09
1.415063030000000000e+09
1.415064037000000000e+09
1.415065797000000000e+09
1.415069586000000000e+09
1.415070643000000000e+09
1.415071413000000000e+09
1.415085407000000000e+09
1.415086163000000000e+09
1.415091477000000000e+09
1.415093419000000000e+09
1.415103522000000000e+09
1.415107342000000000e+09
1.415110702000000000e+09
1.415113443000000000e+09
1.415113736000000000e+09
1.415116113000000000e+09
1.415125067000000000e+09
1.415130306000000000e+09
1.415133164000000000e+09
1.415133706000000000e+09
1.415137675000000000e+09
1.415140007000000000e+09
1.415143216000000000e+09
1.415143712000000000e+09
1.415146428000000000e+09
1.415147911000000000e+09
1.415148098000000000e+09
1.415154748000000000e+09
1.415154772000000000e+09
1.415154893000000000e+09
1.415155113000000000e+09
1.415155274000000000e+09
1.415156057000000000e+09
1.415158300000000000e+09
1.415160607000000000e+09
1.415163096000000000e+09
1.415163514000000000e+09
1.415167717000000000e+09
1.415214794000000000e+09
1.415215270000000000e+09
1.415223329000000000e+09
1.415226367000000000e+09
1.415226511000000000e+09
1.415227237000000000e+09
1.415228955000000000e+09
1.415235737000000000e+09
1.415237584000000000e+09
1.415237607000000000e+09
1.415237618000000000e+09
1.415239704000000000e+09
1.415241781000000000e+09
1.415245775000000000e+09
1.415245934000000000e+09
1.415246187000000000e+09
1.415248067000000000e+09
1.415251055000000000e+09
1.415251270000000000e+09
1.415253835000000000e+09
1.415255362000000000e+09
1.415255939000000000e+09
1.415258169000000000e+09
1.415260832000000000e+09
1.415268187000000000e+09
1.415269626000000000e+09
1.415270961000000000e+09
1.415271491000000000e+09
1.415276617000000000e+09
1.415278505000000000e+09
1.415279600000000000e+09
1.415281024000000000e+09
1.415292074000000000e+09
1.415292892000000000e+09
1.415297655000000000e+09
1.415300866000000000e+09
1.415302314000000000e+09
1.415305656000000000e+09
1.415305799000000000e+09
1.415307065000000000e+09
1.415309664000000000e+09
1.415309667000000000e+09
1.415312291000000000e+09
1.415312354000000000e+09
1.415313527000000000e+09
1.415316171000000000e+09
1.415320413000000000e+09
1.415320721000000000e+09
1.415322105000000000e+09
1.415325800000000000e+09
1.415326545000000000e+09
1.415329490000000000e+09
1.415329955000000000e+09
1.415330593000000000e+09
1.415331647000000000e+09
1.415332867000000000e+09
1.415338599000000000e+09
1.415343833000000000e+09
1.415344713000000000e+09
1.415354468000000000e+09
1.415364330000000000e+09
1.415370155000000000e+09
1.415371801000000000e+09
1.415376944000000000e+09
1.415389699000000000e+09
1.415390982000000000e+09
1.415401244000000000e+09
1.415405489000000000e+09
1.415406858000000000e+09
1.415409226000000000e+09
1.415409668000000000e+09
1.415415002000000000e+09
1.415416581000000000e+09
1.415419603000000000e+09
1.415421108000000000e+09
1.415425488000000000e+09
1.415426660000000000e+09
1.415426866000000000e+09
1.415437699000000000e+09
1.415437707000000000e+09
1.415439637000000000e+09
1.415440409000000000e+09
1.415441261000000000e+09
1.415444867000000000e+09
1.415445985000000000e+09
1.415447939000000000e+09
1.415448271000000000e+09
1.415449278000000000e+09
1.415450507000000000e+09
1.415452703000000000e+09
1.415455831000000000e+09
1.415458249000000000e+09
1.415469852000000000e+09
1.415478874000000000e+09
1.415484779000000000e+09
1.415485197000000000e+09
1.415490853000000000e+09
1.415493464000000000e+09
1.415497276000000000e+09
1.415497277000000000e+09
1.415502701000000000e+09
1.415506300000000000e+09
1.415507489000000000e+09
1.415508451000000000e+09
1.415508733000000000e+09
1.415511662000000000e+09
1.415513690000000000e+09
1.415518894000000000e+09
1.415519515000000000e+09
1.415520925000000000e+09
1.415524620000000000e+09
1.415524677000000000e+09
1.415524726000000000e+09
1.415525643000000000e+09
1.415533044000000000e+09
1.415535600000000000e+09
1.415536424000000000e+09
1.415536537000000000e+09
1.415544956000000000e+09
1.415553844000000000e+09
1.415556858000000000e+09
1.415557039000000000e+09
1.415562021000000000e+09
1.415562851000000000e+09
1.415563389000000000e+09
1.415564766000000000e+09
1.415567037000000000e+09
1.415570421000000000e+09
1.415573216000000000e+09
1.415575539000000000e+09
1.415576355000000000e+09
1.415577125000000000e+09
1.415577771000000000e+09
1.415577900000000000e+09
1.415584316000000000e+09
1.415584538000000000e+09
1.415591019000000000e+09
1.415593581000000000e+09
1.415595383000000000e+09
1.415602135000000000e+09
1.415603744000000000e+09
1.415604329000000000e+09
1.415605485000000000e+09
1.415657958000000000e+09
1.415658822000000000e+09
1.415668217000000000e+09
1.415671240000000000e+09
1.415671891000000000e+09
1.415675328000000000e+09
1.415680456000000000e+09
1.415682370000000000e+09
1.415684601000000000e+09
1.415684799000000000e+09
1.415687675000000000e+09
1.415695319000000000e+09
1.415695411000000000e+09
1.415695478000000000e+09
1.415700128000000000e+09
1.415701727000000000e+09
1.415702219000000000e+09
1.415705766000000000e+09
1.415707417000000000e+09
1.415708398000000000e+09
1.415710989000000000e+09
1.415717206000000000e+09
1.415725526000000000e+09
1.415727914000000000e+09
1.415731120000000000e+09
1.415735116000000000e+09
1.415738352000000000e+09
1.415738355000000000e+09
1.415738394000000000e+09
1.415751285000000000e+09
1.415754977000000000e+09
1.415761474000000000e+09
1.415763756000000000e+09
1.415766754000000000e+09
1.415770280000000000e+09
1.415780551000000000e+09
1.415797202000000000e+09
1.415798790000000000e+09
1.415829773000000000e+09
1.415831294000000000e+09
1.415832074000000000e+09
1.415832089000000000e+09
1.415840754000000000e+09
1.415842003000000000e+09
1.415844010000000000e+09
1.415845885000000000e+09
1.415849165000000000e+09
1.415864335000000000e+09
1.415864772000000000e+09
1.415868462000000000e+09
1.415868911000000000e+09
1.415958872000000000e+09
1.415960677000000000e+09
1.415960713000000000e+09
1.415968033000000000e+09
1.415971607000000000e+09
1.415973136000000000e+09
1.415973632000000000e+09
1.415983387000000000e+09
1.415983393000000000e+09
1.415983408000000000e+09
1.415983472000000000e+09
1.415987918000000000e+09
1.415988387000000000e+09
1.415990260000000000e+09
1.415997640000000000e+09
1.415999626000000000e+09
