5.550000000000000000e+02
1.215100000000000000e+04
1.265400000000000000e+04
5.299000000000000000e+03
2.456000000000000000e+03
1.492000000000000000e+03
1.636000000000000000e+03
1.255000000000000000e+03
1.249000000000000000e+03
3.753000000000000000e+03
7.253000000000000000e+03
4.410000000000000000e+02
6.782000000000000000e+03
5.050000000000000000e+02
3.776000000000000000e+03
5.631000000000000000e+03
1.104700000000000000e+04
2.529000000000000000e+03
2.046000000000000000e+03
6.740000000000000000e+03
3.207000000000000000e+03
3.323000000000000000e+03
2.020000000000000000e+03
3.941000000000000000e+03
2.448000000000000000e+03
3.650000000000000000e+02
3.599000000000000000e+03
2.280000000000000000e+02
4.135000000000000000e+03
8.196000000000000000e+03
8.900000000000000000e+02
1.700000000000000000e+01
5.809000000000000000e+03
8.890000000000000000e+02
6.260000000000000000e+03
1.569500000000000000e+04
1.884000000000000000e+03
1.622000000000000000e+03
2.296000000000000000e+03
7.550000000000000000e+02
2.109000000000000000e+03
1.880000000000000000e+02
3.100000000000000000e+01
1.292000000000000000e+03
1.992000000000000000e+03
5.840000000000000000e+02
1.110000000000000000e+02
3.777000000000000000e+03
2.740000000000000000e+02
2.224000000000000000e+03
2.109000000000000000e+03
7.660000000000000000e+02
1.370000000000000000e+03
1.512000000000000000e+03
8.057000000000000000e+03
3.118000000000000000e+03
1.241500000000000000e+04
1.246000000000000000e+03
7.751000000000000000e+03
4.158000000000000000e+03
2.020000000000000000e+02
1.344000000000000000e+03
1.211700000000000000e+04
1.110000000000000000e+02
6.276000000000000000e+03
1.045000000000000000e+03
9.620000000000000000e+02
9.560000000000000000e+02
2.943000000000000000e+03
3.208000000000000000e+03
2.145000000000000000e+03
8.200000000000000000e+01
4.333000000000000000e+03
6.368000000000000000e+03
2.949000000000000000e+03
4.030000000000000000e+02
2.654000000000000000e+03
2.950000000000000000e+03
2.690000000000000000e+03
9.438000000000000000e+03
5.470000000000000000e+02
5.589000000000000000e+03
7.345000000000000000e+03
1.403000000000000000e+03
1.151700000000000000e+04
5.983000000000000000e+03
2.104000000000000000e+03
1.601000000000000000e+03
7.816000000000000000e+03
2.183000000000000000e+03
4.959000000000000000e+03
3.003000000000000000e+03
2.960000000000000000e+02
2.375440000000000000e+05
5.298000000000000000e+03
2.720000000000000000e+02
3.609000000000000000e+03
6.151000000000000000e+03
3.900000000000000000e+02
4.270000000000000000e+02
4.710000000000000000e+02
5.579000000000000000e+03
8.180000000000000000e+02
3.398000000000000000e+03
2.212000000000000000e+03
5.032000000000000000e+03
7.410000000000000000e+02
3.179000000000000000e+03
3.345000000000000000e+03
5.551000000000000000e+03
5.741000000000000000e+03
3.480000000000000000e+02
1.144000000000000000e+03
4.370000000000000000e+02
7.050000000000000000e+02
2.083000000000000000e+03
5.484000000000000000e+03
3.165000000000000000e+03
7.255000000000000000e+03
8.130000000000000000e+02
1.191000000000000000e+03
1.317100000000000000e+04
8.549000000000000000e+03
4.006000000000000000e+03
3.359000000000000000e+03
1.521000000000000000e+03
2.212000000000000000e+03
4.340000000000000000e+02
6.313000000000000000e+03
1.350000000000000000e+03
3.230000000000000000e+02
9.906000000000000000e+03
5.193000000000000000e+03
2.406200000000000000e+04
3.137000000000000000e+03
1.043000000000000000e+03
2.641000000000000000e+03
6.450000000000000000e+02
1.071700000000000000e+04
2.231000000000000000e+03
1.533000000000000000e+03
5.030000000000000000e+02
2.451000000000000000e+03
1.336300000000000000e+04
1.314000000000000000e+03
9.674000000000000000e+03
2.000000000000000000e+00
1.882000000000000000e+03
8.200000000000000000e+01
1.338000000000000000e+03
1.239800000000000000e+04
4.600000000000000000e+01
2.100000000000000000e+02
8.510000000000000000e+02
3.146000000000000000e+03
5.076000000000000000e+03
6.594000000000000000e+03
5.815000000000000000e+03
7.600000000000000000e+02
1.920000000000000000e+03
1.598900000000000000e+04
3.000000000000000000e+00
8.230000000000000000e+03
6.524000000000000000e+03
6.040000000000000000e+03
1.558000000000000000e+03
2.525000000000000000e+03
3.361000000000000000e+03
1.927000000000000000e+03
6.293000000000000000e+03
4.000000000000000000e+03
1.008300000000000000e+04
6.300000000000000000e+01
2.021000000000000000e+03
7.660000000000000000e+02
6.311000000000000000e+03
8.091000000000000000e+03
2.320000000000000000e+02
6.176000000000000000e+03
3.758000000000000000e+03
8.345000000000000000e+03
4.916000000000000000e+03
3.196000000000000000e+03
3.100000000000000000e+01
1.006000000000000000e+03
3.436000000000000000e+03
4.485000000000000000e+03
3.465000000000000000e+03
1.659000000000000000e+03
8.390000000000000000e+03
7.976000000000000000e+03
1.379700000000000000e+04
2.965000000000000000e+03
3.170000000000000000e+02
1.374300000000000000e+04
1.556000000000000000e+03
7.624000000000000000e+03
5.113000000000000000e+03
2.595870000000000000e+05
5.000000000000000000e+01
1.010000000000000000e+02
1.050000000000000000e+02
5.200000000000000000e+01
2.900000000000000000e+01
3.400000000000000000e+01
5.930000000000000000e+02
1.290000000000000000e+02
2.900000000000000000e+01
4.300000000000000000e+01
7.480000000000000000e+02
1.460000000000000000e+02
1.010000000000000000e+02
1.290000000000000000e+02
1.270000000000000000e+02
1.090000000000000000e+02
2.180000000000000000e+02
2.260000000000000000e+02
1.350000000000000000e+02
3.840000000000000000e+02
8.760000000000000000e+02
6.880000000000000000e+02
1.540000000000000000e+02
3.400000000000000000e+01
1.310000000000000000e+02
1.210000000000000000e+02
1.670000000000000000e+02
2.780000000000000000e+02
8.200000000000000000e+01
1.420000000000000000e+02
7.200000000000000000e+01
1.580000000000000000e+02
1.730000000000000000e+02
6.580000000000000000e+02
2.400000000000000000e+01
5.300000000000000000e+01
5.700000000000000000e+01
4.390000000000000000e+02
1.800000000000000000e+01
3.920000000000000000e+02
4.400000000000000000e+01
4.300000000000000000e+01
1.700000000000000000e+01
4.200000000000000000e+01
2.410000000000000000e+02
1.250000000000000000e+02
3.200000000000000000e+02
7.260000000000000000e+02
5.470000000000000000e+02
8.300000000000000000e+01
9.900000000000000000e+01
1.770000000000000000e+02
1.280000000000000000e+02
9.600000000000000000e+01
1.100000000000000000e+01
4.200000000000000000e+01
1.120000000000000000e+02
4.290000000000000000e+02
3.990000000000000000e+02
3.720000000000000000e+02
5.500000000000000000e+01
1.950000000000000000e+02
1.500000000000000000e+02
2.900000000000000000e+02
1.740000000000000000e+02
4.200000000000000000e+01
3.330000000000000000e+02
3.210000000000000000e+02
9.100000000000000000e+01
9.400000000000000000e+01
2.100000000000000000e+01
4.090000000000000000e+02
5.060000000000000000e+02
5.900000000000000000e+01
1.700000000000000000e+01
1.330000000000000000e+02
2.610000000000000000e+02
6.060000000000000000e+02
2.360000000000000000e+02
1.200000000000000000e+01
3.620000000000000000e+02
3.490000000000000000e+02
3.200000000000000000e+01
1.300000000000000000e+01
5.520000000000000000e+02
2.300000000000000000e+01
3.800000000000000000e+01
7.570000000000000000e+02
7.370000000000000000e+02
1.330000000000000000e+02
2.120000000000000000e+02
1.600000000000000000e+02
1.250000000000000000e+02
8.400000000000000000e+01
4.150000000000000000e+02
3.800000000000000000e+01
1.100000000000000000e+01
2.140000000000000000e+02
2.850000000000000000e+02
1.620000000000000000e+02
2.060000000000000000e+02
5.100000000000000000e+01
1.290000000000000000e+02
8.500000000000000000e+01
1.030000000000000000e+02
4.140000000000000000e+02
1.500000000000000000e+01
1.590000000000000000e+02
1.650000000000000000e+02
6.100000000000000000e+01
1.190000000000000000e+02
9.470000000000000000e+02
1.700000000000000000e+01
1.350000000000000000e+02
2.770000000000000000e+02
3.180000000000000000e+02
1.150000000000000000e+02
5.390000000000000000e+02
1.050000000000000000e+02
1.610000000000000000e+02
3.610000000000000000e+02
4.480000000000000000e+02
1.230000000000000000e+02
2.210000000000000000e+02
9.600000000000000000e+01
5.200000000000000000e+01
4.400000000000000000e+01
4.870000000000000000e+02
3.410000000000000000e+02
4.220000000000000000e+02
3.230000000000000000e+02
1.770000000000000000e+02
4.300000000000000000e+02
1.540000000000000000e+02
6.700000000000000000e+01
1.360000000000000000e+02
1.202000000000000000e+03
1.046000000000000000e+03
2.920000000000000000e+02
1.290000000000000000e+02
2.410000000000000000e+02
1.120000000000000000e+02
4.500000000000000000e+01
5.080000000000000000e+02
1.660000000000000000e+02
3.500000000000000000e+01
2.880000000000000000e+02
3.390000000000000000e+02
7.000000000000000000e+01
7.500000000000000000e+02
1.080000000000000000e+02
3.000000000000000000e+00
3.080000000000000000e+02
1.480000000000000000e+02
1.430000000000000000e+02
2.960000000000000000e+02
5.540000000000000000e+02
5.900000000000000000e+01
4.800000000000000000e+01
3.050000000000000000e+02
6.400000000000000000e+01
2.010000000000000000e+02
7.370000000000000000e+02
5.000000000000000000e+01
4.900000000000000000e+01
4.710000000000000000e+02
2.620000000000000000e+02
2.240000000000000000e+02
2.160000000000000000e+02
2.100000000000000000e+02
1.320000000000000000e+02
5.200000000000000000e+01
6.900000000000000000e+01
1.440000000000000000e+02
1.250000000000000000e+02
6.000000000000000000e+00
1.170000000000000000e+02
1.150000000000000000e+02
1.760000000000000000e+02
2.050000000000000000e+02
5.490000000000000000e+02
1.460000000000000000e+02
8.740000000000000000e+02
1.600000000000000000e+01
3.500000000000000000e+01
2.800000000000000000e+01
1.940000000000000000e+02
1.040000000000000000e+02
1.800000000000000000e+02
2.470000000000000000e+02
6.100000000000000000e+01
3.000000000000000000e+01
3.920000000000000000e+02
7.410000000000000000e+02
2.770000000000000000e+02
3.690000000000000000e+02
8.000000000000000000e+00
5.600000000000000000e+02
3.140000000000000000e+02
1.600000000000000000e+02
6.100000000000000000e+01
4.100000000000000000e+02
2.130000000000000000e+02
4.300000000000000000e+02
2.470000000000000000e+02
2.740000000000000000e+02
5.730000000000000000e+02
1.500000000000000000e+01
4.800000000000000000e+01
1.560000000000000000e+02
2.080000000000000000e+02
8.500000000000000000e+01
3.470000000000000000e+02
2.190000000000000000e+02
7.200000000000000000e+01
6.700000000000000000e+01
3.900000000000000000e+01
1.470000000000000000e+02
3.590000000000000000e+02
2.000000000000000000e+00
1.200000000000000000e+01
1.570000000000000000e+02
2.380000000000000000e+02
4.270000000000000000e+02
2.230000000000000000e+02
1.170000000000000000e+02
7.700000000000000000e+01
3.040000000000000000e+02
1.020000000000000000e+03
1.270000000000000000e+02
1.000000000000000000e+02
5.750000000000000000e+02
1.300000000000000000e+01
3.000000000000000000e+02
8.770000000000000000e+02
4.670000000000000000e+02
7.170000000000000000e+02
6.540000000000000000e+02
2.660000000000000000e+02
4.000000000000000000e+01
9.000000000000000000e+00
1.190000000000000000e+02
6.800000000000000000e+01
5.200000000000000000e+01
2.400000000000000000e+01
2.190000000000000000e+02
2.200000000000000000e+01
1.100000000000000000e+02
5.570000000000000000e+02
1.870000000000000000e+02
1.530000000000000000e+02
1.100000000000000000e+01
8.600000000000000000e+01
2.460000000000000000e+02
1.070000000000000000e+02
1.460000000000000000e+02
5.530000000000000000e+02
6.100000000000000000e+01
2.950000000000000000e+02
1.770000000000000000e+02
3.700000000000000000e+01
5.300000000000000000e+02
1.210000000000000000e+02
9.460000000000000000e+02
4.300000000000000000e+02
5.330000000000000000e+02
5.790000000000000000e+02
1.490000000000000000e+02
7.720000000000000000e+02
1.010000000000000000e+02
3.800000000000000000e+01
4.200000000000000000e+01
2.010000000000000000e+02
3.430000000000000000e+02
3.430000000000000000e+02
5.940000000000000000e+02
3.500000000000000000e+02
3.200000000000000000e+01
4.420000000000000000e+02
2.145000000000000000e+03
1.190000000000000000e+02
2.760000000000000000e+02
7.700000000000000000e+01
1.990000000000000000e+02
2.330000000000000000e+02
7.000000000000000000e+01
1.690000000000000000e+02
2.100000000000000000e+02
3.350000000000000000e+02
2.750000000000000000e+02
2.900000000000000000e+01
6.560000000000000000e+02
2.500000000000000000e+01
1.070000000000000000e+02
1.490000000000000000e+02
5.350000000000000000e+02
2.140000000000000000e+02
3.590000000000000000e+02
1.760000000000000000e+02
1.411000000000000000e+03
7.800000000000000000e+01
4.090000000000000000e+02
5.300000000000000000e+01
1.420000000000000000e+02
1.640000000000000000e+02
3.800000000000000000e+02
6.670000000000000000e+02
2.430000000000000000e+02
2.200000000000000000e+01
5.200000000000000000e+01
4.000000000000000000e+00
3.390000000000000000e+02
1.360000000000000000e+02
4.000000000000000000e+01
2.200000000000000000e+02
6.900000000000000000e+01
2.700000000000000000e+01
3.000000000000000000e+00
1.600000000000000000e+01
5.920000000000000000e+02
3.700000000000000000e+01
1.940000000000000000e+02
3.590000000000000000e+02
6.300000000000000000e+01
3.000000000000000000e+00
7.010000000000000000e+02
2.320000000000000000e+02
8.500000000000000000e+01
3.000000000000000000e+00
1.120000000000000000e+02
3.990000000000000000e+02
4.300000000000000000e+02
2.920000000000000000e+02
1.800000000000000000e+02
1.600000000000000000e+01
2.000000000000000000e+01
4.447000000000000000e+03
1.210000000000000000e+02
5.000000000000000000e+02
3.930000000000000000e+02
9.800000000000000000e+01
1.600000000000000000e+02
2.050000000000000000e+02
2.660000000000000000e+02
5.900000000000000000e+02
8.800000000000000000e+01
1.940000000000000000e+02
4.100000000000000000e+01
1.420000000000000000e+02
3.600000000000000000e+01
3.780000000000000000e+02
5.780000000000000000e+02
1.930000000000000000e+02
2.520000000000000000e+02
9.380000000000000000e+02
2.210000000000000000e+02
1.700000000000000000e+01
6.710000000000000000e+02
6.420000000000000000e+02
4.550000000000000000e+02
6.630000000000000000e+02
1.870000000000000000e+02
6.700000000000000000e+01
4.100000000000000000e+01
1.600000000000000000e+01
6.000000000000000000e+01
1.003000000000000000e+03
1.044000000000000000e+03
3.480000000000000000e+02
3.390000000000000000e+02
2.420000000000000000e+02
4.680000000000000000e+02
5.000000000000000000e+01
1.890000000000000000e+02
4.650000000000000000e+02
3.280000000000000000e+02
2.700000000000000000e+01
5.500000000000000000e+02
3.160000000000000000e+02
3.350000000000000000e+02
1.600000000000000000e+01
7.200000000000000000e+01
2.600000000000000000e+01
6.140000000000000000e+02
9.000000000000000000e+00
3.050000000000000000e+02
5.080000000000000000e+02
1.000000000000000000e+02
1.620000000000000000e+02
5.000000000000000000e+01
1.392000000000000000e+03
2.400000000000000000e+01
2.430000000000000000e+02
7.850000000000000000e+02
7.320000000000000000e+02
3.500000000000000000e+01
6.800000000000000000e+01
3.700000000000000000e+01
4.060000000000000000e+02
3.520000000000000000e+02
8.800000000000000000e+01
1.330000000000000000e+02
3.360000000000000000e+02
2.100000000000000000e+01
4.020000000000000000e+02
5.300000000000000000e+02
1.990000000000000000e+02
8.200000000000000000e+01
2.100000000000000000e+01
4.200000000000000000e+02
4.400000000000000000e+01
7.120000000000000000e+02
1.730000000000000000e+02
5.280000000000000000e+02
1.710000000000000000e+02
4.100000000000000000e+01
9.000000000000000000e+00
1.100000000000000000e+01
7.830000000000000000e+02
6.260000000000000000e+02
4.060000000000000000e+02
5.000000000000000000e+00
5.280000000000000000e+02
1.920000000000000000e+02
4.000000000000000000e+02
2.230000000000000000e+02
4.070000000000000000e+02
3.460000000000000000e+02
6.470000000000000000e+02
1.080000000000000000e+03
5.020000000000000000e+02
8.690000000000000000e+02
2.110000000000000000e+02
1.820000000000000000e+02
4.370000000000000000e+02
3.020000000000000000e+02
4.210000000000000000e+02
9.160000000000000000e+02
1.040000000000000000e+02
6.100000000000000000e+02
6.050000000000000000e+02
2.260000000000000000e+02
3.000000000000000000e+00
2.900000000000000000e+02
3.510000000000000000e+02
8.700000000000000000e+01
3.300000000000000000e+01
8.400000000000000000e+01
9.920000000000000000e+02
8.750000000000000000e+02
5.760000000000000000e+02
2.000000000000000000e+02
1.480000000000000000e+02
1.700000000000000000e+01
1.610000000000000000e+02
2.650000000000000000e+02
4.000000000000000000e+00
1.140000000000000000e+02
5.400000000000000000e+01
2.000000000000000000e+01
6.000000000000000000e+02
2.390000000000000000e+02
7.800000000000000000e+01
3.390000000000000000e+02
2.910000000000000000e+02
2.350000000000000000e+02
5.410000000000000000e+02
9.320000000000000000e+02
7.900000000000000000e+01
6.800000000000000000e+01
1.321000000000000000e+03
2.180000000000000000e+02
5.260000000000000000e+02
4.420000000000000000e+02
3.200000000000000000e+01
2.940000000000000000e+02
5.350000000000000000e+02
2.110000000000000000e+02
5.620000000000000000e+02
5.200000000000000000e+01
1.540000000000000000e+02
2.390000000000000000e+02
1.200000000000000000e+01
1.880000000000000000e+02
2.360000000000000000e+02
1.660000000000000000e+02
2.750000000000000000e+02
2.600000000000000000e+01
6.370000000000000000e+02
3.010000000000000000e+02
7.500000000000000000e+01
2.390000000000000000e+02
6.070000000000000000e+02
9.450000000000000000e+02
4.450000000000000000e+02
9.600000000000000000e+02
8.770000000000000000e+02
1.400000000000000000e+02
2.510000000000000000e+02
1.846000000000000000e+03
2.440000000000000000e+02
6.900000000000000000e+01
2.710000000000000000e+02
1.800000000000000000e+02
9.510000000000000000e+02
7.430000000000000000e+02
4.310000000000000000e+02
9.600000000000000000e+01
1.085000000000000000e+03
7.350000000000000000e+02
4.220000000000000000e+02
4.920000000000000000e+02
4.530000000000000000e+02
3.850000000000000000e+02
2.000000000000000000e+01
2.330000000000000000e+02
2.220000000000000000e+02
3.030000000000000000e+02
1.800000000000000000e+01
2.380000000000000000e+02
4.040000000000000000e+02
1.600000000000000000e+01
4.040000000000000000e+02
2.300000000000000000e+02
2.900000000000000000e+02
2.800000000000000000e+01
3.100000000000000000e+02
1.050000000000000000e+02
2.290000000000000000e+02
7.360000000000000000e+02
2.130000000000000000e+02
5.670000000000000000e+02
4.200000000000000000e+01
8.180000000000000000e+02
1.600000000000000000e+01
5.900000000000000000e+01
3.730000000000000000e+02
3.120000000000000000e+02
4.100000000000000000e+02
9.000000000000000000e+00
2.530000000000000000e+02
4.640000000000000000e+02
1.070000000000000000e+02
1.400000000000000000e+02
1.060000000000000000e+02
1.680000000000000000e+02
1.990000000000000000e+02
1.410000000000000000e+02
4.900000000000000000e+01
1.290000000000000000e+02
2.300000000000000000e+01
1.670000000000000000e+02
5.060000000000000000e+02
5.500000000000000000e+02
4.930000000000000000e+02
3.000000000000000000e+00
4.340000000000000000e+02
2.880000000000000000e+02
3.120000000000000000e+02
4.380000000000000000e+02
1.490000000000000000e+02
2.100000000000000000e+02
1.120000000000000000e+02
5.360000000000000000e+02
2.380000000000000000e+02
1.070000000000000000e+02
2.180000000000000000e+02
5.380000000000000000e+02
1.203000000000000000e+03
3.030000000000000000e+02
9.360000000000000000e+02
6.900000000000000000e+01
7.660000000000000000e+02
1.270000000000000000e+02
1.196000000000000000e+03
4.700000000000000000e+01
2.400000000000000000e+01
6.000000000000000000e+00
1.860000000000000000e+02
1.125000000000000000e+03
1.993000000000000000e+03
2.260000000000000000e+02
1.690000000000000000e+02
4.800000000000000000e+01
7.600000000000000000e+01
2.400000000000000000e+01
3.270000000000000000e+02
8.900000000000000000e+01
4.030000000000000000e+02
2.370000000000000000e+02
2.020000000000000000e+02
5.560000000000000000e+02
1.320000000000000000e+02
1.320000000000000000e+02
7.450000000000000000e+02
9.890000000000000000e+02
9.228000000000000000e+03
1.010000000000000000e+02
9.000000000000000000e+00
1.000000000000000000e+02
3.570000000000000000e+02
1.900000000000000000e+01
2.480000000000000000e+02
1.790000000000000000e+02
1.700000000000000000e+01
1.170000000000000000e+02
5.200000000000000000e+01
7.320000000000000000e+02
7.840000000000000000e+02
1.770000000000000000e+02
6.400000000000000000e+01
1.400000000000000000e+01
2.660000000000000000e+02
1.700000000000000000e+02
5.800000000000000000e+01
3.990000000000000000e+02
9.900000000000000000e+01
5.490000000000000000e+02
2.610000000000000000e+02
9.700000000000000000e+01
3.850000000000000000e+02
7.780000000000000000e+02
1.087000000000000000e+03
1.640000000000000000e+02
2.090000000000000000e+02
2.160000000000000000e+02
4.110000000000000000e+02
1.360000000000000000e+02
1.580000000000000000e+02
9.700000000000000000e+01
5.300000000000000000e+01
6.040000000000000000e+02
8.500000000000000000e+01
7.700000000000000000e+02
1.123000000000000000e+03
4.410000000000000000e+02
1.940000000000000000e+02
1.050000000000000000e+02
4.440000000000000000e+02
6.200000000000000000e+01
7.000000000000000000e+01
3.650000000000000000e+02
3.940000000000000000e+02
4.890000000000000000e+02
2.300000000000000000e+01
3.900000000000000000e+01
4.560000000000000000e+02
7.170000000000000000e+02
5.250000000000000000e+02
7.900000000000000000e+01
1.130000000000000000e+02
7.120000000000000000e+02
1.370000000000000000e+02
1.414000000000000000e+03
1.850000000000000000e+02
4.620000000000000000e+02
4.130000000000000000e+02
5.800000000000000000e+02
9.480000000000000000e+02
7.900000000000000000e+01
4.030000000000000000e+02
4.430000000000000000e+02
5.410000000000000000e+02
2.210000000000000000e+02
2.560000000000000000e+02
8.760000000000000000e+02
3.810000000000000000e+02
8.400000000000000000e+01
3.470000000000000000e+02
1.960000000000000000e+02
1.600000000000000000e+02
3.990000000000000000e+02
3.950000000000000000e+02
3.500000000000000000e+01
1.640000000000000000e+02
5.740000000000000000e+02
3.220000000000000000e+02
6.970000000000000000e+02
4.000000000000000000e+00
6.220000000000000000e+02
6.900000000000000000e+01
1.155000000000000000e+03
7.800000000000000000e+01
1.090000000000000000e+02
2.510000000000000000e+02
1.840000000000000000e+02
1.034000000000000000e+03
1.620000000000000000e+02
2.600000000000000000e+02
1.130000000000000000e+03
4.590000000000000000e+02
2.150000000000000000e+02
1.190000000000000000e+02
1.810000000000000000e+02
6.440000000000000000e+02
3.310000000000000000e+02
6.240000000000000000e+02
1.805000000000000000e+03
2.220000000000000000e+02
2.750000000000000000e+02
9.700000000000000000e+01
1.414000000000000000e+03
1.318000000000000000e+03
9.350000000000000000e+02
1.750000000000000000e+02
4.410000000000000000e+02
4.290000000000000000e+02
2.510000000000000000e+02
2.000000000000000000e+01
6.240000000000000000e+02
7.890000000000000000e+02
1.230000000000000000e+03
3.094000000000000000e+03
1.601000000000000000e+03
6.990000000000000000e+02
8.500000000000000000e+01
1.800000000000000000e+01
1.770000000000000000e+02
3.370000000000000000e+02
5.920000000000000000e+02
1.206000000000000000e+03
4.950000000000000000e+02
1.020000000000000000e+02
5.700000000000000000e+01
1.185000000000000000e+03
8.510000000000000000e+02
7.900000000000000000e+01
6.370000000000000000e+02
1.000000000000000000e+00
2.250000000000000000e+02
1.329000000000000000e+03
3.740000000000000000e+02
2.440000000000000000e+02
1.170000000000000000e+02
1.017000000000000000e+03
1.660000000000000000e+02
2.660000000000000000e+02
6.320000000000000000e+02
7.100000000000000000e+01
2.410000000000000000e+02
5.900000000000000000e+01
8.000000000000000000e+01
3.250000000000000000e+02
6.740000000000000000e+02
1.170000000000000000e+02
2.400000000000000000e+01
8.300000000000000000e+01
5.640000000000000000e+02
2.550000000000000000e+02
1.290000000000000000e+02
1.185000000000000000e+03
3.320000000000000000e+02
1.214000000000000000e+03
1.172000000000000000e+03
2.230000000000000000e+02
7.490000000000000000e+02
9.790000000000000000e+02
2.480000000000000000e+02
7.060000000000000000e+02
7.240000000000000000e+02
7.590000000000000000e+02
4.830000000000000000e+02
7.610000000000000000e+02
4.580000000000000000e+03
9.970000000000000000e+02
2.010000000000000000e+02
7.380000000000000000e+02
3.260000000000000000e+02
9.340000000000000000e+02
4.460000000000000000e+02
1.520000000000000000e+02
8.000000000000000000e+01
6.100000000000000000e+01
2.510000000000000000e+02
3.650000000000000000e+02
8.600000000000000000e+01
6.600000000000000000e+01
7.900000000000000000e+02
5.700000000000000000e+01
1.033000000000000000e+03
2.300000000000000000e+02
2.000000000000000000e+00
2.740000000000000000e+02
6.680000000000000000e+02
7.000000000000000000e+01
1.412000000000000000e+03
3.470000000000000000e+02
9.310000000000000000e+02
8.433600000000000000e+04
8.150000000000000000e+02
4.280000000000000000e+02
9.220000000000000000e+02
4.420000000000000000e+02
1.650000000000000000e+02
1.020000000000000000e+02
9.320000000000000000e+02
2.700000000000000000e+01
2.820000000000000000e+02
1.190000000000000000e+02
9.770000000000000000e+02
4.370000000000000000e+02
2.000000000000000000e+01
1.740000000000000000e+02
8.000000000000000000e+00
2.680000000000000000e+02
1.171000000000000000e+03
4.500000000000000000e+01
1.059000000000000000e+03
7.800000000000000000e+02
7.780000000000000000e+02
2.770000000000000000e+02
2.890000000000000000e+02
7.370000000000000000e+02
1.769000000000000000e+03
7.500000000000000000e+01
3.200000000000000000e+01
1.950000000000000000e+02
5.380000000000000000e+02
1.225000000000000000e+03
4.180000000000000000e+02
5.500000000000000000e+01
1.280000000000000000e+02
7.250000000000000000e+02
7.740000000000000000e+02
6.180000000000000000e+02
2.350000000000000000e+02
1.330000000000000000e+02
9.850000000000000000e+02
4.820000000000000000e+02
9.500000000000000000e+02
2.310000000000000000e+02
2.210000000000000000e+02
4.320000000000000000e+02
1.808000000000000000e+03
4.460000000000000000e+02
2.510000000000000000e+02
1.475000000000000000e+03
4.500000000000000000e+02
4.890000000000000000e+02
1.385000000000000000e+03
7.200000000000000000e+01
1.369000000000000000e+03
9.710000000000000000e+02
4.140000000000000000e+02
6.780000000000000000e+02
3.330000000000000000e+02
4.220000000000000000e+02
3.940000000000000000e+02
1.900000000000000000e+01
1.640000000000000000e+02
4.390000000000000000e+02
4.960000000000000000e+02
1.300000000000000000e+01
1.600000000000000000e+02
1.650000000000000000e+02
5.670000000000000000e+02
2.030000000000000000e+02
5.660000000000000000e+02
2.310000000000000000e+02
6.740000000000000000e+02
5.000000000000000000e+01
1.046000000000000000e+03
6.290000000000000000e+02
1.165000000000000000e+03
9.100000000000000000e+01
2.330000000000000000e+02
1.144000000000000000e+03
1.315000000000000000e+03
3.350000000000000000e+02
1.970000000000000000e+02
1.341000000000000000e+03
2.800000000000000000e+02
9.990000000000000000e+02
7.890000000000000000e+02
3.850000000000000000e+02
6.000000000000000000e+00
1.390000000000000000e+02
9.760000000000000000e+02
7.830000000000000000e+02
9.540000000000000000e+02
4.300000000000000000e+01
2.097000000000000000e+03
1.547000000000000000e+03
3.600000000000000000e+01
4.840000000000000000e+02
3.900000000000000000e+01
4.080000000000000000e+02
8.110000000000000000e+02
4.820000000000000000e+02
1.676000000000000000e+03
1.810000000000000000e+02
2.510000000000000000e+02
5.700000000000000000e+01
1.080000000000000000e+02
4.310000000000000000e+02
2.950000000000000000e+02
1.277000000000000000e+03
8.000000000000000000e+00
2.470000000000000000e+02
8.000000000000000000e+00
8.430000000000000000e+02
7.730000000000000000e+02
2.400000000000000000e+01
3.100000000000000000e+02
4.000000000000000000e+00
1.990000000000000000e+02
4.120000000000000000e+02
1.556000000000000000e+03
2.350000000000000000e+02
8.350000000000000000e+02
5.400000000000000000e+02
3.860000000000000000e+02
8.590000000000000000e+02
4.143000000000000000e+03
2.700000000000000000e+02
5.500000000000000000e+01
2.600000000000000000e+01
2.900000000000000000e+01
6.000000000000000000e+01
3.950000000000000000e+02
7.500000000000000000e+01
1.940000000000000000e+02
2.580000000000000000e+02
1.590000000000000000e+02
1.593000000000000000e+03
8.310000000000000000e+02
3.750000000000000000e+02
6.000000000000000000e+02
1.846000000000000000e+03
1.060000000000000000e+02
4.800000000000000000e+02
5.775000000000000000e+03
2.020000000000000000e+02
5.710000000000000000e+02
6.930000000000000000e+02
3.800000000000000000e+01
8.190000000000000000e+02
5.480000000000000000e+02
5.000000000000000000e+01
7.900000000000000000e+02
8.600000000000000000e+01
1.400000000000000000e+01
1.620000000000000000e+03
3.640000000000000000e+02
1.054000000000000000e+03
7.420000000000000000e+02
8.770000000000000000e+02
3.980000000000000000e+02
8.900000000000000000e+01
6.750000000000000000e+02
3.090000000000000000e+02
1.138000000000000000e+03
1.190000000000000000e+02
6.080000000000000000e+02
1.000000000000000000e+00
1.510000000000000000e+02
1.700000000000000000e+02
5.080000000000000000e+02
1.630000000000000000e+02
1.013000000000000000e+03
2.159000000000000000e+03
1.070000000000000000e+02
1.245000000000000000e+03
2.251000000000000000e+03
9.690000000000000000e+02
1.300000000000000000e+01
4.340000000000000000e+02
2.790000000000000000e+02
2.900000000000000000e+01
3.810000000000000000e+02
2.700000000000000000e+02
5.490000000000000000e+02
7.010000000000000000e+02
7.000000000000000000e+00
5.490000000000000000e+02
7.580000000000000000e+02
1.950000000000000000e+02
1.769000000000000000e+03
2.000000000000000000e+03
7.480000000000000000e+02
7.580000000000000000e+02
7.650000000000000000e+02
1.147000000000000000e+03
3.010000000000000000e+02
1.310000000000000000e+02
1.800000000000000000e+01
2.796000000000000000e+03
2.640000000000000000e+02
1.700000000000000000e+01
1.146000000000000000e+03
8.000000000000000000e+01
1.051000000000000000e+03
3.880000000000000000e+02
8.170000000000000000e+02
5.490000000000000000e+02
1.550000000000000000e+02
4.050000000000000000e+02
5.120000000000000000e+02
1.200000000000000000e+02
4.470000000000000000e+02
2.180000000000000000e+02
1.940000000000000000e+02
2.296000000000000000e+03
1.370000000000000000e+02
8.880000000000000000e+02
5.920000000000000000e+02
5.320000000000000000e+02
6.170000000000000000e+02
2.240000000000000000e+02
5.460000000000000000e+02
2.190000000000000000e+03
6.500000000000000000e+02
2.100000000000000000e+01
7.100000000000000000e+01
3.010000000000000000e+02
1.653000000000000000e+03
5.500000000000000000e+02
3.990000000000000000e+02
1.011000000000000000e+03
7.600000000000000000e+01
2.730000000000000000e+02
4.000000000000000000e+01
3.540000000000000000e+02
1.902000000000000000e+03
1.760000000000000000e+02
1.900000000000000000e+01
1.500000000000000000e+02
2.480000000000000000e+02
1.662000000000000000e+03
2.063000000000000000e+03
6.110000000000000000e+02
1.171000000000000000e+03
8.800000000000000000e+01
1.050000000000000000e+03
3.010000000000000000e+02
2.120000000000000000e+02
7.400000000000000000e+01
9.810000000000000000e+02
1.636000000000000000e+03
8.820000000000000000e+02
1.064000000000000000e+03
1.448000000000000000e+03
6.410000000000000000e+02
8.660000000000000000e+02
4.490000000000000000e+02
1.298000000000000000e+03
3.500000000000000000e+02
1.300000000000000000e+02
1.495000000000000000e+03
5.980000000000000000e+02
2.920000000000000000e+02
2.528000000000000000e+03
3.700000000000000000e+01
1.110000000000000000e+02
5.413000000000000000e+03
1.101000000000000000e+03
1.760000000000000000e+02
4.280000000000000000e+02
2.700000000000000000e+02
7.380000000000000000e+02
3.210000000000000000e+02
7.900000000000000000e+01
3.210000000000000000e+02
6.660000000000000000e+02
1.226000000000000000e+03
1.500000000000000000e+01
1.870000000000000000e+02
1.579000000000000000e+03
5.460000000000000000e+02
8.810000000000000000e+02
4.210000000000000000e+02
2.063000000000000000e+03
2.450000000000000000e+02
4.260000000000000000e+02
1.180000000000000000e+03
1.080000000000000000e+02
1.410000000000000000e+02
8.960000000000000000e+02
1.400000000000000000e+01
1.388000000000000000e+03
7.180000000000000000e+02
8.040000000000000000e+02
5.430000000000000000e+02
1.553000000000000000e+03
3.000000000000000000e+01
1.730000000000000000e+02
4.940000000000000000e+02
1.901000000000000000e+03
1.360000000000000000e+02
1.100000000000000000e+01
6.540000000000000000e+02
1.063000000000000000e+03
7.600000000000000000e+02
3.700000000000000000e+01
1.440000000000000000e+02
3.270000000000000000e+02
3.830000000000000000e+02
1.297000000000000000e+03
1.010000000000000000e+02
2.880000000000000000e+02
5.000000000000000000e+00
8.500000000000000000e+02
6.600000000000000000e+02
1.306000000000000000e+03
5.690000000000000000e+02
1.545000000000000000e+03
1.773000000000000000e+03
1.720000000000000000e+02
1.306000000000000000e+03
3.960000000000000000e+02
7.100000000000000000e+01
1.974000000000000000e+03
4.000000000000000000e+01
1.860000000000000000e+02
3.670000000000000000e+02
2.020000000000000000e+02
1.180000000000000000e+03
2.100000000000000000e+01
6.190000000000000000e+02
2.004000000000000000e+03
4.530000000000000000e+02
3.970000000000000000e+02
7.800000000000000000e+01
1.060000000000000000e+02
4.800000000000000000e+02
2.040000000000000000e+02
1.533000000000000000e+03
3.700000000000000000e+01
1.311000000000000000e+03
1.042000000000000000e+03
2.890000000000000000e+02
3.400000000000000000e+02
1.450000000000000000e+02
5.490000000000000000e+02
4.010000000000000000e+02
4.582000000000000000e+03
1.892000000000000000e+03
1.550000000000000000e+02
6.520000000000000000e+02
4.810000000000000000e+02
7.070000000000000000e+02
4.410000000000000000e+02
6.000000000000000000e+01
7.660000000000000000e+02
1.750000000000000000e+02
8.020000000000000000e+02
1.390000000000000000e+02
2.800000000000000000e+02
9.000000000000000000e+01
1.283000000000000000e+03
9.200000000000000000e+01
9.950000000000000000e+02
1.087000000000000000e+03
3.300000000000000000e+01
6.760000000000000000e+02
3.000000000000000000e+01
5.710000000000000000e+02
6.650000000000000000e+02
5.070000000000000000e+02
8.000000000000000000e+00
1.190000000000000000e+02
6.700000000000000000e+01
7.520000000000000000e+02
6.850000000000000000e+02
3.650000000000000000e+02
4.810000000000000000e+02
1.143000000000000000e+03
9.300000000000000000e+01
1.130000000000000000e+02
3.630000000000000000e+02
6.800000000000000000e+01
3.550000000000000000e+02
1.423000000000000000e+03
1.100000000000000000e+03
9.000000000000000000e+01
5.570000000000000000e+02
3.500000000000000000e+01
3.700000000000000000e+01
5.200000000000000000e+01
4.200000000000000000e+01
1.700000000000000000e+01
2.970000000000000000e+02
1.070000000000000000e+02
1.490000000000000000e+02
2.790000000000000000e+02
5.740000000000000000e+02
1.970000000000000000e+02
3.550000000000000000e+02
3.780000000000000000e+02
5.816000000000000000e+03
1.277000000000000000e+03
6.550000000000000000e+02
6.500000000000000000e+01
5.120000000000000000e+02
7.640000000000000000e+02
1.350000000000000000e+02
8.980000000000000000e+02
6.900000000000000000e+02
2.062000000000000000e+03
6.010000000000000000e+02
6.900000000000000000e+01
9.520000000000000000e+02
2.999000000000000000e+03
7.010000000000000000e+02
1.625000000000000000e+03
3.130000000000000000e+02
8.000000000000000000e+01
1.790000000000000000e+03
4.670000000000000000e+02
7.390000000000000000e+02
1.600000000000000000e+01
1.996000000000000000e+03
8.800000000000000000e+01
3.000000000000000000e+01
5.460000000000000000e+02
1.114000000000000000e+03
1.517000000000000000e+03
2.664000000000000000e+03
2.070000000000000000e+02
2.242000000000000000e+03
3.100000000000000000e+02
6.560000000000000000e+02
1.334000000000000000e+03
7.530000000000000000e+02
3.760000000000000000e+02
3.440000000000000000e+02
1.691000000000000000e+03
6.450000000000000000e+02
2.040000000000000000e+03
2.360000000000000000e+02
8.930000000000000000e+02
2.000000000000000000e+00
1.240000000000000000e+03
2.770000000000000000e+02
1.112000000000000000e+03
1.080000000000000000e+03
1.066000000000000000e+03
1.510000000000000000e+02
7.930000000000000000e+02
1.334000000000000000e+03
2.038000000000000000e+03
2.740000000000000000e+03
7.270000000000000000e+02
5.660000000000000000e+02
5.560000000000000000e+02
1.458000000000000000e+03
1.182000000000000000e+03
9.310000000000000000e+02
7.390000000000000000e+02
3.388000000000000000e+03
1.210000000000000000e+02
6.510000000000000000e+02
4.240000000000000000e+02
4.910000000000000000e+02
3.900000000000000000e+02
1.820000000000000000e+02
7.600000000000000000e+01
9.300000000000000000e+01
1.690000000000000000e+02
2.949000000000000000e+03
1.321000000000000000e+03
8.340000000000000000e+02
5.700000000000000000e+01
4.980000000000000000e+02
7.700000000000000000e+02
1.131000000000000000e+03
1.150000000000000000e+02
2.174000000000000000e+03
2.820000000000000000e+02
6.750000000000000000e+02
2.430000000000000000e+02
2.920000000000000000e+02
5.570000000000000000e+02
4.600000000000000000e+02
4.820000000000000000e+02
5.190000000000000000e+02
2.355000000000000000e+03
7.320000000000000000e+02
1.720000000000000000e+02
1.800000000000000000e+01
8.230000000000000000e+02
1.970000000000000000e+02
1.680000000000000000e+02
1.510000000000000000e+02
3.800000000000000000e+01
3.600000000000000000e+02
9.490000000000000000e+02
6.930000000000000000e+02
4.680000000000000000e+02
1.200000000000000000e+01
3.260000000000000000e+02
1.710000000000000000e+03
2.137000000000000000e+03
2.679000000000000000e+03
2.750000000000000000e+02
1.287900000000000000e+04
4.518000000000000000e+03
2.340000000000000000e+02
4.630000000000000000e+02
1.077000000000000000e+03
4.327000000000000000e+03
2.440000000000000000e+03
1.722000000000000000e+03
2.230000000000000000e+02
8.050000000000000000e+02
1.411000000000000000e+03
2.379000000000000000e+03
1.809000000000000000e+03
2.960000000000000000e+02
5.300000000000000000e+01
1.281000000000000000e+03
7.730000000000000000e+02
8.500000000000000000e+01
2.170000000000000000e+02
3.690000000000000000e+02
1.462000000000000000e+03
4.100000000000000000e+01
4.383000000000000000e+03
7.640000000000000000e+02
5.400000000000000000e+01
9.500000000000000000e+01
2.084000000000000000e+03
1.181000000000000000e+03
1.430000000000000000e+03
5.500000000000000000e+01
3.040000000000000000e+02
1.360000000000000000e+02
1.675000000000000000e+03
3.239000000000000000e+03
3.322000000000000000e+03
4.990000000000000000e+02
1.159000000000000000e+03
1.065000000000000000e+03
1.200000000000000000e+01
3.510000000000000000e+02
5.140000000000000000e+02
3.320000000000000000e+02
1.217000000000000000e+03
3.840000000000000000e+02
7.620000000000000000e+02
1.957000000000000000e+03
1.153000000000000000e+03
5.900000000000000000e+01
8.100000000000000000e+01
1.760000000000000000e+02
4.830000000000000000e+02
2.431000000000000000e+03
6.920000000000000000e+02
9.690000000000000000e+02
5.040000000000000000e+02
2.260000000000000000e+02
4.990000000000000000e+02
2.362000000000000000e+03
1.274000000000000000e+03
1.438000000000000000e+03
5.440000000000000000e+02
1.252000000000000000e+03
1.530000000000000000e+02
2.130000000000000000e+03
2.940000000000000000e+02
1.300000000000000000e+03
1.100000000000000000e+02
2.084000000000000000e+03
5.620000000000000000e+02
3.076000000000000000e+03
6.325000000000000000e+03
8.100000000000000000e+01
6.540000000000000000e+02
5.470000000000000000e+02
1.610000000000000000e+02
4.030000000000000000e+02
6.500000000000000000e+01
6.210000000000000000e+02
5.000000000000000000e+00
4.860000000000000000e+02
2.428000000000000000e+03
3.120000000000000000e+02
1.466000000000000000e+03
3.240000000000000000e+02
5.400000000000000000e+01
9.920000000000000000e+02
7.220000000000000000e+02
3.190000000000000000e+02
1.634000000000000000e+03
1.083000000000000000e+03
1.658000000000000000e+03
5.550000000000000000e+02
2.482000000000000000e+03
1.250000000000000000e+03
2.950000000000000000e+02
2.960000000000000000e+02
7.665900000000000000e+04
1.800000000000000000e+02
6.160000000000000000e+02
9.510000000000000000e+02
2.160000000000000000e+02
3.830000000000000000e+03
9.830000000000000000e+02
1.880000000000000000e+03
2.214000000000000000e+03
1.280000000000000000e+02
1.270000000000000000e+02
3.080000000000000000e+02
1.760000000000000000e+02
3.080000000000000000e+02
2.900000000000000000e+01
7.920000000000000000e+02
2.350000000000000000e+02
3.130000000000000000e+02
9.130000000000000000e+02
4.368000000000000000e+03
8.930000000000000000e+02
2.660000000000000000e+02
2.367000000000000000e+03
1.262000000000000000e+03
4.160000000000000000e+02
1.040000000000000000e+03
2.846000000000000000e+03
1.624000000000000000e+03
6.780000000000000000e+02
2.660000000000000000e+02
1.370000000000000000e+02
2.150000000000000000e+03
6.650000000000000000e+02
1.775000000000000000e+03
7.200000000000000000e+01
1.440000000000000000e+02
2.760000000000000000e+02
1.934000000000000000e+03
4.040000000000000000e+02
1.780000000000000000e+02
4.760000000000000000e+02
1.000000000000000000e+03
2.400000000000000000e+01
1.970000000000000000e+02
1.034000000000000000e+03
1.733000000000000000e+03
4.490000000000000000e+02
2.311000000000000000e+03
4.970000000000000000e+02
2.547000000000000000e+03
8.690000000000000000e+02
2.727000000000000000e+03
5.590000000000000000e+02
2.000000000000000000e+01
9.490000000000000000e+02
4.100000000000000000e+01
5.730000000000000000e+02
1.827000000000000000e+03
2.364000000000000000e+03
1.355000000000000000e+03
3.010000000000000000e+02
1.682000000000000000e+03
3.532000000000000000e+03
3.640000000000000000e+02
8.520000000000000000e+02
2.140000000000000000e+02
4.800000000000000000e+02
5.550000000000000000e+02
8.980000000000000000e+02
4.890000000000000000e+02
2.800000000000000000e+01
3.990000000000000000e+02
1.690000000000000000e+02
1.985000000000000000e+03
1.019000000000000000e+03
1.050000000000000000e+02
1.137000000000000000e+03
5.880000000000000000e+02
1.115000000000000000e+03
1.098000000000000000e+03
1.127000000000000000e+03
4.831000000000000000e+03
9.500000000000000000e+01
9.500000000000000000e+01
1.878000000000000000e+03
8.990000000000000000e+02
1.453000000000000000e+03
6.940000000000000000e+02
2.396000000000000000e+03
4.490000000000000000e+02
1.075000000000000000e+03
2.901000000000000000e+03
8.770000000000000000e+02
2.480000000000000000e+02
7.880000000000000000e+02
3.010000000000000000e+02
2.738000000000000000e+03
2.410000000000000000e+02
1.358000000000000000e+03
2.645000000000000000e+03
9.000000000000000000e+00
3.000000000000000000e+02
1.309000000000000000e+03
2.560000000000000000e+02
3.250000000000000000e+02
1.737000000000000000e+03
2.530000000000000000e+02
7.610000000000000000e+02
3.640000000000000000e+02
5.510000000000000000e+02
6.360000000000000000e+02
4.430000000000000000e+02
2.021000000000000000e+03
3.970000000000000000e+02
1.356000000000000000e+03
1.480000000000000000e+02
1.608000000000000000e+03
5.330000000000000000e+02
6.100000000000000000e+01
2.353000000000000000e+03
2.130000000000000000e+02
1.914000000000000000e+03
5.950000000000000000e+02
2.790000000000000000e+02
5.700000000000000000e+02
1.190000000000000000e+03
1.240000000000000000e+02
1.107000000000000000e+03
2.369000000000000000e+03
8.320000000000000000e+02
2.204000000000000000e+03
1.190000000000000000e+02
1.038000000000000000e+03
1.409000000000000000e+03
4.790000000000000000e+02
6.830000000000000000e+02
2.654000000000000000e+03
8.220000000000000000e+02
5.800000000000000000e+02
5.140000000000000000e+02
5.920000000000000000e+02
7.000000000000000000e+02
9.830000000000000000e+02
1.895000000000000000e+03
2.637000000000000000e+03
1.376600000000000000e+04
6.620000000000000000e+02
8.000000000000000000e+01
1.860000000000000000e+03
2.540000000000000000e+02
3.944000000000000000e+03
2.808000000000000000e+03
4.969000000000000000e+03
1.122000000000000000e+03
4.157000000000000000e+03
2.820000000000000000e+02
1.736000000000000000e+03
1.418000000000000000e+03
3.200000000000000000e+01
2.893000000000000000e+03
5.210000000000000000e+02
9.170000000000000000e+02
3.500000000000000000e+01
1.007000000000000000e+03
2.193000000000000000e+03
2.770000000000000000e+02
2.699000000000000000e+03
2.001000000000000000e+03
5.830000000000000000e+02
1.273000000000000000e+03
5.990000000000000000e+02
3.400000000000000000e+02
5.940000000000000000e+02
6.980000000000000000e+02
5.000000000000000000e+01
3.438000000000000000e+03
6.100000000000000000e+02
1.042000000000000000e+03
6.550000000000000000e+02
6.370000000000000000e+02
8.820000000000000000e+02
2.966000000000000000e+03
5.650000000000000000e+02
1.900000000000000000e+01
1.300000000000000000e+01
9.580000000000000000e+02
4.630000000000000000e+02
1.941000000000000000e+03
5.106000000000000000e+03
4.970000000000000000e+02
2.293000000000000000e+03
1.930000000000000000e+02
1.150000000000000000e+02
1.408000000000000000e+03
4.880000000000000000e+02
1.505000000000000000e+03
2.616000000000000000e+03
1.036000000000000000e+03
5.917000000000000000e+03
3.930000000000000000e+02
5.594000000000000000e+03
2.230000000000000000e+02
2.786000000000000000e+03
8.460000000000000000e+02
8.150000000000000000e+02
2.170000000000000000e+02
4.400000000000000000e+01
9.660000000000000000e+02
1.127000000000000000e+03
3.105000000000000000e+03
9.900000000000000000e+01
3.350000000000000000e+02
6.490000000000000000e+02
1.017000000000000000e+03
1.680000000000000000e+02
6.900000000000000000e+01
8.690000000000000000e+02
3.457000000000000000e+03
1.317000000000000000e+03
1.178000000000000000e+03
5.712000000000000000e+03
3.308000000000000000e+03
7.640000000000000000e+02
3.410000000000000000e+02
1.198000000000000000e+03
1.760000000000000000e+02
3.078000000000000000e+03
3.246000000000000000e+03
4.700000000000000000e+01
3.010000000000000000e+02
3.530000000000000000e+02
4.000000000000000000e+00
3.300000000000000000e+03
1.168000000000000000e+03
2.701000000000000000e+03
6.550000000000000000e+02
4.690000000000000000e+02
1.216000000000000000e+03
1.248000000000000000e+03
4.790000000000000000e+02
1.839000000000000000e+03
9.620000000000000000e+02
2.783000000000000000e+03
3.556000000000000000e+03
1.128000000000000000e+03
5.130000000000000000e+02
2.730000000000000000e+02
1.092000000000000000e+03
2.545000000000000000e+03
1.256000000000000000e+03
2.960000000000000000e+02
9.830000000000000000e+02
5.600000000000000000e+01
