0.000000000000000000e+00 2.436353252351221532e-05
5.050505050505050414e-02 4.252604607762086424e-05
1.010101010101010083e-01 9.291621430444802377e-05
1.515151515151515194e-01 2.729242999673115334e-04
2.020202020202020166e-01 9.738879764507294041e-04
2.525252525252525415e-01 3.483323649768899685e-03
3.030303030303030387e-01 1.101397703156793174e-02
3.535353535353535359e-01 2.931837814449707660e-02
4.040404040404040331e-01 6.528507158135553323e-02
4.545454545454545303e-01 1.233535460303236131e-01
5.050505050505050830e-01 2.023705620073271150e-01
5.555555555555555802e-01 2.956136960506289824e-01
6.060606060606060774e-01 3.939080810731253601e-01
6.565656565656565746e-01 4.894425892188168925e-01
7.070707070707070718e-01 5.777934978430033786e-01
7.575757575757575690e-01 6.585898398166880607e-01
8.080808080808080662e-01 7.286218053535346018e-01
8.585858585858585634e-01 7.899164867352274078e-01
9.090909090909090606e-01 8.484701598500213882e-01
9.595959595959595578e-01 9.020136456051940366e-01
1.010101010101010166e+00 9.448906366978211402e-01
1.060606060606060552e+00 9.660535217965189325e-01
1.111111111111111160e+00 9.801108987551643281e-01
1.161616161616161547e+00 9.888525366401198502e-01
1.212121212121212155e+00 9.939659499109654295e-01
1.262626262626262541e+00 9.968078248057420376e-01
1.313131313131313149e+00 9.983300792788221134e-01
1.363636363636363535e+00 9.991286981700311376e-01
1.414141414141414144e+00 9.995448343404200742e-01
1.464646464646464530e+00 9.997620206542945365e-01
1.515151515151515138e+00 9.998757756747278513e-01
1.565656565656565524e+00 9.999354122634807052e-01
1.616161616161616132e+00 9.999665761123731622e-01
1.666666666666666741e+00 9.999827537411185574e-01
1.717171717171717127e+00 9.999910851575702919e-01
1.767676767676767735e+00 9.999953476491467708e-01
1.818181818181818121e+00 9.999975242438092771e-01
1.868686868686868729e+00 9.999986428569750396e-01
1.919191919191919116e+00 9.999992281880016876e-01
1.969696969696969724e+00 9.999995440419530146e-01
2.020202020202020332e+00 9.999997215792610916e-01
2.070707070707070496e+00 9.999998258622114777e-01
2.121212121212121104e+00 9.999998895621716732e-01
2.171717171717171713e+00 9.999999296034510765e-01
2.222222222222222321e+00 9.999999551959874999e-01
2.272727272727272485e+00 9.999999716563588992e-01
2.323232323232323093e+00 9.999999822285663420e-01
2.373737373737373701e+00 9.999999889753766746e-01
2.424242424242424310e+00 9.999999932401136826e-01
2.474747474747474918e+00 9.999999959055235754e-01
2.525252525252525082e+00 9.999999975509386019e-01
2.575757575757575690e+00 9.999999985536816016e-01
2.626262626262626299e+00 9.999999991567715130e-01
2.676767676767676907e+00 9.999999995146932052e-01
2.727272727272727071e+00 9.999999997242866590e-01
2.777777777777777679e+00 9.999999998453826811e-01
2.828282828282828287e+00 9.999999999144135732e-01
2.878787878787878896e+00 9.999999999532382944e-01
2.929292929292929060e+00 9.999999999747825052e-01
2.979797979797979668e+00 9.999999999865776257e-01
3.030303030303030276e+00 9.999999999929488625e-01
3.080808080808080884e+00 9.999999999963443686e-01
3.131313131313131048e+00 9.999999999981297183e-01
3.181818181818181657e+00 9.999999999990558663e-01
3.232323232323232265e+00 9.999999999995299316e-01
3.282828282828282873e+00 9.999999999997694067e-01
3.333333333333333481e+00 9.999999999998886446e-01
3.383838383838383645e+00 9.999999999999472644e-01
3.434343434343434254e+00 9.999999999999756861e-01
3.484848484848484862e+00 9.999999999999893419e-01
3.535353535353535470e+00 9.999999999999956701e-01
3.585858585858585634e+00 9.999999999999986677e-01
3.636363636363636243e+00 1.000000000000000000e+00
3.686868686868686851e+00 1.000000000000000666e+00
3.737373737373737459e+00 1.000000000000000888e+00
3.787878787878787623e+00 1.000000000000001110e+00
3.838383838383838231e+00 1.000000000000001110e+00
3.888888888888888840e+00 1.000000000000001110e+00
3.939393939393939448e+00 1.000000000000001110e+00
3.989898989898989612e+00 1.000000000000001110e+00
4.040404040404040664e+00 1.000000000000001110e+00
4.090909090909090828e+00 1.000000000000001110e+00
4.141414141414140992e+00 1.000000000000001110e+00
4.191919191919192045e+00 1.000000000000001110e+00
4.242424242424242209e+00 1.000000000000001110e+00
4.292929292929293261e+00 1.000000000000001110e+00
4.343434343434343425e+00 1.000000000000001110e+00
4.393939393939393590e+00 1.000000000000001110e+00
4.444444444444444642e+00 1.000000000000001110e+00
4.494949494949494806e+00 1.000000000000001110e+00
4.545454545454544970e+00 1.000000000000001110e+00
4.595959595959596022e+00 1.000000000000001110e+00
4.646464646464646187e+00 1.000000000000001110e+00
4.696969696969697239e+00 1.000000000000001110e+00
4.747474747474747403e+00 1.000000000000001110e+00
4.797979797979797567e+00 1.000000000000001110e+00
4.848484848484848619e+00 1.000000000000001110e+00
4.898989898989898784e+00 1.000000000000001110e+00
4.949494949494949836e+00 1.000000000000001110e+00
5.000000000000000000e+00 1.000000000000001110e+00
