34.9643845367,13.7110528679,103.068326737,0.133028771321
13.0804214525,2.73764276862,42.9430354846,0.0637505648524
30.1891165829,7.76712732983,96.4551180059,0.0805258185403
3.2815331316,1.29012507963,9.66729535947,0.133452535757
28.8297830963,6.95864765024,92.9529597464,0.0748620341861
23.1400128078,6.77976908827,72.4183799246,0.0936194526214
3.39091665387,1.14147964168,10.3408576591,0.110385393486
3.94348645687,0.96108060801,12.6976454253,0.0756896712596
5.24132951498,1.32847443044,16.7829153194,0.0791563566375
5.05849643946,2.01638944387,14.851475969,0.135770306472
28.4540724754,10.9274589787,84.2999276499,0.129625959159
5.17938689709,1.0767381345,17.0172627781,0.0632732859889
8.00551206827,1.69400580633,26.2481775065,0.0645380352944
19.8797949505,2.92734026384,67.5263276804,0.0433510952602
8.68588920116,4.09439842772,24.3426139265,0.168198799032
60.3844517326,28.5769577522,169.02380625,0.169070608374
25.5456121922,6.90683044195,81.0059884799,0.0852632079623
13.4766522932,4.12555156088,41.8516368979,0.098575632082
31.3326161289,9.77937238312,96.9592026553,0.100860693109
1.91072066486,0.98767439568,5.19542045271,0.190104805698
10.0929621458,2.93788927531,31.6219361429,0.0929066854741
20.305007515,7.14752592802,61.3492070665,0.116505595912
27.425445261,8.21852364063,85.4941793452,0.096129627813
30.913084116,10.6037371817,93.9097342774,0.112914143174
52.3083272934,24.2116125069,147.413682609,0.164242640699
26.2184277439,9.1252746563,79.4062378248,0.114918864138
30.8469701099,9.96286575222,94.8421297161,0.105046837118
32.0447081566,11.9786743412,95.5385563722,0.125380524848
15.9305095291,3.28338752103,52.3929264392,0.062668526921
26.3698014736,8.25098208332,81.5639842639,0.101159625266
25.7792739296,10.0254338694,76.1458803109,0.131660883405
6.3823792696,2.5699481771,18.690956821,0.137496876255
7.25766005039,2.78240398979,21.5108563109,0.129348825057
3.97770406961,1.03345202261,12.6904423467,0.0814354609856
14.1967409992,4.4151149869,43.9611489589,0.100432201875
4.01532289863,1.25871870375,12.4154304365,0.101383412374
20.1077618599,5.59296332932,63.4757194258,0.0881118541059
25.9729731274,6.86669979572,82.6465440698,0.0830851413451
27.2662187386,7.0472510376,87.0574671351,0.0809494150187
26.0291369915,6.18022768736,84.1108845838,0.0734771452939
24.6708742809,4.42635675716,82.345696474,0.053753346522
18.3209766388,5.76773123217,56.603797834,0.101896541449
35.3852335739,11.9409267111,107.856346637,0.110711396069
29.3698352432,11.8133215313,86.0338055267,0.137310228915
9.52703230858,4.9133877039,25.9254751287,0.189519678212
19.7326748085,3.99337234926,65.0326904425,0.0614056149621
31.0078310871,11.1997879343,93.164489401,0.120215202233
5.66185768127,2.43070293188,16.3043017518,0.149083534449
5.54625836611,1.4497179029,17.678730302,0.0820035080648
2.89508332849,0.906243901134,8.95402453042,0.101210790528
20.7776404953,5.06726615953,66.8956228558,0.0757488448902
60.7788586044,28.0138585854,171.502210017,0.163344009285
17.0603289318,4.01219393063,55.1995861127,0.072685217647
26.2696861839,5.89534559298,85.5151299006,0.068939211106
28.661156683,8.38053690147,89.7281266166,0.0933992184779
7.03417722464,1.4862968756,23.0673780395,0.064432848547
6.20130996943,1.70952747881,19.6043162568,0.0872015864478
8.01796622992,3.00362279177,23.893118389,0.125710790148
34.2717528915,7.74733373451,111.4610691,0.069507082581
10.5282781506,2.23120408916,34.513554776,0.0646471829299
27.2227888393,9.76484332466,81.9164698703,0.11920488444
5.01155937433,1.51428479648,15.5998065312,0.0970707420919
54.9525067139,26.4680410252,152.972635212,0.173024678489
36.2254823303,12.068876009,110.702708489,0.109020602782
31.0797042179,7.66885706949,99.9007501287,0.07676475962
1.98798608005,0.94453802669,5.55780240989,0.169948112047
23.3908537769,7.17832505035,72.6075172827,0.0988647638564
30.7247064018,8.04247621822,97.9141915273,0.0821380036211
33.3378953171,11.6259106407,100.926911405,0.115191384328
6.2493952775,1.65266310596,19.8848699781,0.083111587241
29.3460444832,9.72885360146,89.7677151255,0.10837809103
7.71734289408,1.91903317451,24.7790482811,0.0774457982706
29.4651908207,7.74178702927,93.8471761165,0.0824935533452
27.0301699734,8.28349680519,83.9257310673,0.0987003234866
2.31959633231,1.08457744467,6.51699340911,0.166422977067
6.95425513744,3.57298538232,18.9491173504,0.188556823849
21.8553875065,5.46981536865,70.1094288141,0.0780182560488
3.01537390947,1.16544656932,8.91993262285,0.130656431904
11.2064338493,3.80392071891,34.1171001817,0.111496015155
28.5044022369,10.1809286814,85.8529721232,0.118585628774
33.5655000496,14.2679424992,96.9182213895,0.147216305609
20.6259609509,4.66737938118,67.0725169738,0.0695870617618
32.4708682632,9.49100713634,101.661410567,0.0933589951531
21.0525989914,6.52704422522,65.227811847,0.100065356179
31.6785728645,9.09743562412,99.4778030556,0.0914519153488
22.0570241547,5.8724694829,70.1106378012,0.083760035097
33.6087464905,9.95022016239,104.991824374,0.0947713807402
7.19003147125,2.7556034832,21.3120142027,0.12929812532
36.4390552521,13.6325155792,108.619423324,0.125507162182
31.4614406872,11.1236129236,94.9673648221,0.11713090012
26.0951515198,7.29043612432,82.3177592579,0.0885645599449
12.3358673429,3.5495247066,38.7247023749,0.0916604773934
20.5828248692,4.85341325712,66.5733233413,0.0729032743677
32.6378068161,10.6746565933,100.103711592,0.106635972069
15.7311069727,4.23071953297,49.9251820547,0.0847411938995
27.9517465496,5.13651028919,93.0737435119,0.0551875329752
15.9719269848,7.88694331026,44.1057821483,0.178818806199
16.1433246231,3.69153602958,52.4250510121,0.0704154971394
4.16112745762,1.79650141382,11.9642107779,0.150156282531
20.3830468845,8.57197412109,59.0241242166,0.145228315284
3.5388236022,1.31145507967,10.5715926621,0.124054636004
5.36727554083,2.63950325704,14.8414049207,0.177847263863
3.94145640135,1.21877463377,12.2178100851,0.0997539350571
6.10914383173,0.95761472261,20.6447426209,0.0463854037899
14.8838408279,4.15136016369,46.9640171517,0.0883944861505
12.7306992054,6.61310588264,34.556415371,0.191371292758
13.0473787546,2.40721349287,43.4276053525,0.0554304911204
26.7422748566,8.61682180309,82.2590809191,0.104752225612
3.63848646641,0.979122915208,11.5462378715,0.0848001683411
8.54364900112,3.40668513536,25.0817481482,0.135823273371
3.40566046715,1.61356168127,9.52952111685,0.169322430947
9.96227172375,4.88421136951,27.5748375817,0.177125662301
2.40682489395,1.09143122935,6.82426745307,0.159933829801
5.56832847118,2.77102532744,15.3374993153,0.180669956065
