9.16031433582,7.63751865721,19.5871019049,0.389925916263
8.23771808147,5.00815767717,21.0242620528,0.238208488107
21.8431791401,18.4314656353,46.3040156177,0.398053287376
14.7359050798,8.39620529652,38.6401482201,0.217292264219
45.5067669296,33.3414856911,105.738200914,0.315321098741
37.4438785362,32.4576111603,77.794551401,0.417222164994
21.8553718185,17.5122744656,48.0337373981,0.364582799802
18.8204083824,17.3190820312,37.2596888433,0.464820898105
8.15323619366,6.53516457224,17.9152624411,0.364781961398
1.58783141017,1.1792412073,3.66032248479,0.322168664701
7.073810184,6.35044399595,14.2959875968,0.444211633015
11.7536495686,9.03973592949,26.5255231656,0.340793878902
38.6167274475,38.2005686302,71.5672949231,0.533771308127
24.5756838036,25.0051967583,44.2725641756,0.564801186104
8.40166662693,6.96829742432,18.032176542,0.386436845717
1.53289328456,1.15346969962,3.50612573019,0.328986975478
42.2235653496,34.2157037888,92.0972222148,0.371517218065
15.3879039955,10.2088718004,37.7079213093,0.270735470054
35.8438899422,36.5693901901,64.3904188276,0.567932168418
5.19087754011,4.05906009936,11.5923516259,0.350149842788
50.6292481422,48.7304026337,96.3104389336,0.505972178854
18.2374322414,16.0788022499,37.3957285409,0.429963604863
1.09616541862,0.892187098682,2.38376042168,0.374277167525
2.30143568039,1.69197808921,5.33694786052,0.317031032237
2.69429229617,1.9580000478,6.289763965,0.311299447594
33.1295676422,30.3637691574,65.8137379239,0.461359134358
2.22594385147,2.34155006504,3.86938162033,0.605148391861
24.8205118179,25.0115919285,45.1585435887,0.553861793159
33.4018892097,26.8374157219,73.2765851385,0.366248176975
43.1231379128,42.0956434937,80.9505434764,0.520016811326
1.36405827045,1.13951610392,2.91264304576,0.391230949355
20.4471859074,18.1262866859,41.7448125553,0.434216506827
4.07002990127,2.92651106715,9.55870920856,0.30616174248
4.45437449455,3.43468050241,10.036421917,0.34222161352
13.1531728363,9.62262274933,30.5885895068,0.314582100857
8.34960985661,4.89226399755,21.6469823938,0.226002123925
2.81303297758,2.17460427475,6.32807842487,0.343643698568
11.8074417353,10.4769549065,24.0881231425,0.434942765963
19.1228334236,12.4486918888,47.2967363506,0.263204035824
6.20421332598,5.50016014051,12.6661636337,0.434240414035
20.2139784622,14.8018517046,46.9839065759,0.315040889176
10.8291448021,8.33819898033,24.4216948135,0.341425893821
9.47340159893,6.55099158239,22.7268556435,0.288248919479
3.59719230056,2.89352811313,7.88543404147,0.366945953502
6.13619598627,4.06792671275,15.0422654295,0.270433116063
1.62628160119,1.19461741304,3.77311962698,0.316612652433
52.3978680229,44.0909674301,111.30015914,0.396144693512
16.9679972744,15.5873362312,33.6420645938,0.46332876473
2.42043161988,2.43741276813,4.40677272368,0.553106075797
99.3814273453,88.3255745087,202.484540022,0.436208979209
30.2635209942,26.5351826019,62.3232736586,0.425766829055
18.6609986782,17.5596738167,36.234145763,0.48461674608
20.1866368294,14.7676644344,46.9463243164,0.314564870615
3.8738659966,3.4923582294,7.80215883264,0.447614346787
13.7691382313,12.2045222883,28.1141201485,0.434106499647
11.743675065,8.83120884418,26.8712114124,0.328649449727
5.51974704742,4.14881658268,12.6336693887,0.328393632526
15.4626602316,14.150621953,30.756208216,0.460089938709
25.2596480083,24.3392729244,48.0011712025,0.507055813737
1.65415062189,1.05950942194,4.1229792501,0.256976656363
5.38574911833,4.18322095013,12.0792752825,0.34631390148
9.11148519993,7.53980141544,19.5871921017,0.384935287115
2.96228937745,1.5918929776,7.94354910544,0.200400722204
68.5951116943,40.7071991501,176.893007424,0.230123280411
10.0915338182,8.19389921379,21.9816443231,0.372760976992
3.37896015048,2.73628475761,7.37350014834,0.371097131968
12.4266705656,10.0973064766,27.054581373,0.373219837978
56.2577175522,51.7411031227,111.429094502,0.46434105342
25.1197968483,22.6057238789,50.6662390486,0.446169368466
3.44096064329,3.11345520759,6.90942527828,0.450609867274
8.10288146973,6.0012984395,18.7092851546,0.32076577966
11.6661140299,11.4187226372,21.8435200406,0.5227510317
29.6342653942,22.4212662334,67.5574289163,0.331884540207
2.03668551266,1.30670670211,5.07245748878,0.257608211602
16.0997813416,13.1502353411,34.9261776702,0.376515159066
9.07111821651,7.16168966389,20.1323153865,0.355731048634
15.8674903965,12.4193834324,35.4142053814,0.350689315167
52.130751915,54.4950011673,91.2485789651,0.597214792662
37.8411976814,33.089323597,78.0933646135,0.423714918172
14.0546770906,11.771585186,29.9547346153,0.392979117898
14.9627620363,12.9643844547,31.0977994367,0.416890734701
42.5590299797,37.6765574341,86.982995332,0.433148540014
3.10371759892,2.05910254598,7.60565403053,0.270733133234
26.8144651031,22.157728014,57.7012662694,0.384007656098
5.9935118866,4.93788875628,12.9243194773,0.382061799459
60.9688163757,62.7706051025,108.484391967,0.578614157892
14.6536680317,11.3048075037,33.0067082408,0.342500300885
3.69383965373,2.2544319005,9.41136689194,0.239543514389
57.5440918922,60.1169837379,100.791554866,0.596448619312
28.6763395119,26.8509660015,55.9247298845,0.480126878698
11.1327347326,8.1110213213,25.9513086178,0.312547680764
7.05467152596,6.3037922802,14.3113321101,0.440475577795
14.7375969076,9.32357499504,36.9463438258,0.252354469471
5.35153198004,4.884298419,10.66863228,0.457818611683
23.7823195934,20.937005991,48.8211659769,0.428851002881
17.9711930084,15.1998731747,38.0307268541,0.399673485942
26.9470217419,25.2408383217,52.5355036174,0.480452961972
10.5629401922,8.88421710491,22.4446781189,0.395827334116
12.1299123335,7.98539727116,29.8379142152,0.267625853924
2.75429651737,1.84648591161,6.7142015815,0.275011986041
20.1766825294,15.1701218977,46.1720603179,0.328556312914
5.17580594301,5.39222644329,9.09319521986,0.59299578563
6.5949240756,5.16602758598,14.711284808,0.351160870952
3.62855270743,3.03250708151,7.74565290412,0.391510840861
30.2176002026,24.3680842495,66.1275137674,0.368501443063
4.43778643847,2.99582940888,10.7800789268,0.277904218441
15.7957559681,14.3525576506,31.6073808259,0.454088800639
20.9009164047,21.3209091396,37.5522688947,0.567766203407
22.1462558746,17.935289423,48.3248624012,0.371139999822
6.9966947031,5.82947395134,14.9682470708,0.389456021387
4.02887999892,2.78132611656,9.67397202547,0.2875061153
18.2904266453,13.3638635159,42.5669312953,0.313949422925
15.3929052973,13.443456193,31.7967810365,0.42279299208
7.25379157305,4.34643992329,18.6295594225,0.233308787649
15.7591440821,10.904235466,37.7944290564,0.288514358815
17.2758421803,15.3223098078,35.2566624368,0.4345933151
17.3896077156,15.4573460083,35.4262611221,0.436324509522
24.3827990627,20.4712192955,51.8767809118,0.39461236676
1.31315949082,1.28500795627,2.45930579799,0.522508407582
55.115178318,43.8380605888,121.727246398,0.360133510666
4.58065769434,3.5264691596,10.3311979393,0.341341747619
4.03620771527,2.95134174228,9.38917617448,0.314334472741
81.5962379456,52.7124002151,202.556469346,0.260235579665
19.2245769978,15.037351573,42.9243946224,0.350321808968
4.87504469872,3.63022550511,11.2204160106,0.323537514268
14.6650274277,12.4257368259,30.9935277723,0.400913923617
53.9294789124,48.2521675644,109.287961708,0.441514022316
20.1634185123,15.4089759378,45.6855703048,0.33728321295
9.02189256668,7.86646238136,18.6598672301,0.421571187209
79.1689811707,68.8607450867,164.054189437,0.419743898788
6.50247796059,5.47294197893,13.8096956001,0.39631155801
5.44207897663,4.82213192797,11.1145984372,0.433855703848
40.0492069626,33.8212743874,84.847623053,0.39861192536
18.5724638271,11.9188240929,46.250041647,0.257704072654
12.4739798403,10.5644872999,26.3716361872,0.400600373255
4.55599993229,3.85497180033,9.63859152929,0.399951776005
3.51796119809,2.55739110017,8.2111095644,0.311454996443
24.4779134369,19.2016486931,54.5528469669,0.351982522649
18.0675764179,14.5294125166,39.6131876443,0.366782210184
19.8634681225,19.2156618118,37.6075259987,0.51095256339
3.55145924449,3.75012122655,6.14748250335,0.610025522563
31.1748778057,25.3914833965,67.7614874993,0.374718506538
12.2518481016,8.25641161537,29.7882020865,0.277170525142
19.4254093361,16.9111050053,40.2259087586,0.420403305411
8.9974413538,6.68088389683,20.7435559818,0.322070328862
75.663503952,69.116685791,150.731595266,0.458541460196
1.73232401669,1.35445470357,3.86893608802,0.350084538167
2.17190830946,1.9204383316,4.44321227377,0.432218452164
28.1500332928,22.7199457569,61.5677201759,0.369023665194
20.4248180389,16.5324069099,44.5846177492,0.370809659129
3.68260303855,2.69858632922,8.5559642786,0.315404113593
11.4849098396,10.0220412741,23.7394311171,0.422168552593
8.55228219509,6.60390883112,19.2524125749,0.343017209164
23.3752156639,21.3584198799,46.5559366981,0.458768986185
9.13775697231,7.68052654982,19.4255516537,0.395382673643
36.0616682816,27.1801342449,82.4008539413,0.329852579735
6.07556702375,4.93127375221,13.2373146082,0.372528258046
30.6808462715,27.9153130074,61.3234802895,0.455214101933
4.61231215477,4.02449496818,9.53430828324,0.422106654056
7.57048397779,6.59664030504,15.6658100767,0.421085170364
4.84395085335,3.28308246231,11.7427705132,0.279583294133
60.3852227974,46.0161997147,137.057887084,0.335742806881
6.1413588953,6.15397391224,11.2371586722,0.547645013455
18.1843374062,17.3933606701,34.7912647102,0.499934705305
24.7381725502,22.4466425514,49.5585698909,0.452931603975
3.35581794143,2.65709435749,7.4338132638,0.357433562453
5.07205490351,3.96882215595,11.322088311,0.350537996784
5.26416917086,4.85171191549,10.4080379286,0.466150483769
4.69471805573,4.32060667419,9.29364607953,0.464898989828
48.5801924896,46.0914905663,93.6347565304,0.492247668218
12.5483608627,12.078629365,23.8687170763,0.506044347769
15.4363531113,12.6217700729,33.4623635988,0.377193022713
27.0785294533,21.0034609337,60.7854469181,0.345534367165
5.76891702175,3.89174453545,14.0185442513,0.27761402794
2.36959766984,1.42200270295,6.0817805345,0.233813550963
74.0027557755,73.3668585434,136.850981104,0.536107654847
7.44278896093,7.63637882137,13.2915983537,0.574526751273
29.2178063965,27.4357678585,56.8380789373,0.482700477769
2.50695002675,2.55219819474,4.51358797739,0.565447756314
12.9784193707,11.6163620367,26.2930036248,0.441804299063
8.25311959743,7.55045670319,16.4203188185,0.459824001388
7.98646426678,6.81442415285,16.7918406757,0.405817580362
1.56135201931,1.07655509305,3.75147043531,0.286968833052
30.8065954781,28.006511404,61.6173803726,0.454522916013
23.9846425724,22.0827083588,47.4627726043,0.465263766676
29.6872783756,24.5155169334,63.9127341774,0.383577971573
3.22605571151,2.27638802648,7.65591023146,0.297337345613
27.8974161243,23.185856472,59.7873729976,0.387805238958
4.92555609703,4.33688702917,10.1102078983,0.428961211561
9.24501731396,6.57627928591,21.8430904449,0.301069086469
63.2280607796,60.3900183907,121.132260646,0.498546118671
15.2334199524,12.0865783167,33.6993621175,0.358658964361
13.4454766512,12.5196402225,26.3497025804,0.475134024164
13.0208083963,10.1874502087,29.0678397699,0.350471527616
11.0356370783,9.36704515457,23.2928037953,0.402143307302
4.81857934713,4.54380215979,9.33865334361,0.48655860675
4.62708455086,4.20347456074,9.26037729546,0.453920442615
22.1215593147,19.5148364754,45.3387616692,0.430422794027
14.7999683428,14.0117382116,28.5809326875,0.4902477594
1.44892347753,1.0704783057,3.35037211152,0.319510272312
72.7937654877,67.2999009018,143.539660117,0.468859274483
1.52399511933,1.07610359251,3.6153228036,0.297650763424
19.4296208858,17.1996790752,39.7123515513,0.433106537471
1.30132799506,0.984764132202,2.96631561295,0.331982250271
81.0300630951,72.9776117706,163.331322331,0.446807205923
2.40197927356,2.16439283895,4.83960060365,0.447225508097
5.94475614071,4.62584762049,13.3175666171,0.347349313391
18.1030999756,17.5302032318,34.2425411894,0.511942239767
2.78860124826,2.02211489367,6.5180313263,0.310233994353
12.6162928057,7.37605468369,32.7383256441,0.225303357413
21.0934797859,17.4706421528,45.3164515527,0.385525378846
4.02703519464,3.49603070498,8.35704702684,0.418333257399
25.0723709297,18.3522294788,58.2896372732,0.314845491195
1.90264275074,1.7466999017,3.77439382791,0.462776271194
22.5162916756,16.9207611752,51.5414427955,0.328294286256
3.41809803963,3.05881467891,6.92576001666,0.441657619027
8.11775344849,6.59313825274,17.6788845898,0.372938587797
3.11189757109,2.61012955499,6.62553210026,0.393950178716
41.5455540848,41.7546203499,75.7912160165,0.550916353431
2.16755230546,1.31102223265,5.5443913809,0.23645917876
10.0646061087,7.59936868143,22.9727730334,0.330798927512
9.74427266598,9.35592548847,18.5781849661,0.503597391541
64.123919735,56.7537634392,131.08287758,0.432960921267
5.54236844778,4.05254458165,12.893095542,0.314318975489
64.506625061,65.505856636,116.442230798,0.562560990004
6.01881120205,3.73798340034,15.2166901372,0.245650227917
11.5676030779,10.1675158281,23.7759629786,0.427638444646
24.3876303291,17.2747762814,57.7540550666,0.299109322478
11.7174169731,6.57219249487,30.9160475628,0.212581911757
5.29843806028,4.23095735836,11.6716267396,0.362499371576
12.9652014589,10.2931844845,28.6701208784,0.359021314495
60.5325548935,57.2528913002,116.999563589,0.489342776536
55.1422522926,44.6631483307,120.314008044,0.371221514908
10.8322878218,10.3269790821,20.7874869755,0.496788240652
16.3983098984,14.1495255346,34.1889335602,0.413862734551
2.91929734111,2.15465335822,6.75428744711,0.319005279993
18.6526163483,14.9307475691,41.022626704,0.363963713899
8.25902931213,7.54701355648,16.4482995768,0.458832447771
17.7348179722,14.284536561,38.8419677012,0.367760373802
29.8619398689,29.8622520905,54.7517920998,0.545411409293
4.21573263407,3.85204941702,8.39630193611,0.458779287159
18.4496896744,16.2960856705,37.7756926926,0.431390783568
52.7449292946,47.8178919754,105.740705405,0.452218393967
1.25857945144,1.18241278732,2.44725132088,0.48315952564
6.86453324318,5.66053319979,14.7933487898,0.382640420382
10.8027486515,9.25128692722,22.6510817582,0.408425832637
7.29495607853,6.07362583637,15.614305086,0.388978299253
2.40471086502,2.11775282621,4.93511457837,0.429119282356
28.7294295406,23.8428260994,61.6337649849,0.386846821791
5.07379734993,4.34565144539,10.6376926693,0.408514475882
2.00187082708,1.17127709699,5.19306642228,0.225546334621
25.2157915974,21.6286377754,52.8093651857,0.409560647044
8.63246729851,6.7943020277,19.1974053324,0.353917725341
2.09925575495,1.68219209898,4.61356065524,0.364619049078
2.29298612475,1.34389200068,5.94406016973,0.226089905267
1.21237805575,0.973546179771,2.66073002497,0.365894386365
2.2323018539,1.57519412005,5.29753969645,0.29734446749
20.6904404259,16.7620504532,45.1375954399,0.371354528078
2.51249974728,1.49535269988,6.47129327157,0.231074784765
9.46309096813,9.24627613735,17.7481891153,0.520970115728
5.30228922367,2.95235672307,14.0296144266,0.210437481267
40.6847403145,35.8926882133,83.3806997548,0.430467582053
7.73304756403,6.29598384476,16.8130249498,0.374470618082
4.20504839182,2.52066512918,10.7977534884,0.233443478024
11.8819365454,9.69340350151,25.7976380376,0.375747713314
3.98071901679,2.14907907629,10.6563854195,0.201670546971
1.73330348492,1.21232940209,4.13306446792,0.293324580707
1.03037183821,0.99000990057,1.96319342421,0.5042854608
20.8320208454,18.1766265335,43.0635935033,0.422088011121
1.15220346212,1.00892909074,2.3752276651,0.424771530562
6.02134707451,5.60400011587,11.8052997941,0.474702058703
18.0039445305,15.0485816374,38.4281558499,0.391603013586
1.17557386935,0.943637703001,2.58060806568,0.36566486618
10.9856225729,9.65568536854,22.5802964673,0.427615526772
44.8798317146,34.7653552322,100.82927201,0.344794269951
4.14390728474,3.93557124424,7.97983428432,0.493189595675
34.8441141129,29.1024268913,74.4126378913,0.391095218716
12.5794665623,8.52061981773,30.5051365094,0.27931754428
7.08071172714,5.80826075077,15.3151964709,0.379248203691
7.26050142527,5.38274579287,16.7544581091,0.321272449267
18.3695065975,15.074090435,39.7217886433,0.379491733628
52.9217438698,50.205367218,102.012425273,0.492149530642
4.86418661833,4.22722343016,10.0862163029,0.419108940679
10.4125050354,8.77799863815,22.0877969263,0.397413950674
45.6838008499,37.7137007904,98.3723991791,0.383376852706
1.04288861871,0.919245321572,2.13881037402,0.429792810404
5.9790151,5.36186547375,12.0939516735,0.443350992175
1.64340606213,1.54409096897,3.19527186804,0.483242438433
39.3088622475,33.1814825935,83.305860091,0.398309105233
14.7680284929,11.8211215239,32.4795488859,0.363955840808
2.72977463126,1.46691476011,7.32009885546,0.200395484962
5.70544280767,5.67248551226,10.5214401447,0.539135843977
17.1667881393,14.9299345837,35.5760802622,0.41966215709
6.79865217447,6.27882461929,13.4183639555,0.467927732479
2.46846395373,1.81714713049,5.71993123477,0.317686883969
12.7654395437,7.33646036768,33.3577793373,0.219932516895
3.38114791751,2.42081284547,7.95982929653,0.304128738857
19.2225795746,16.4659010239,40.2983253116,0.408600131558
24.6191868973,23.017654335,48.0755389124,0.478780994571
87.5183477402,83.180769516,168.417780742,0.493895413829
54.0654681206,48.2808619995,109.733987601,0.439980930749
4.02266433954,3.75634806776,7.86381978457,0.477674739588
10.6418200302,9.8137479744,21.0299346782,0.46665613206
18.5138023472,16.416845644,37.7894013474,0.434429894591
1.41839960098,1.10230077338,3.18011587421,0.346622832936
10.1394254398,9.0519391222,20.5843310775,0.439749005596
11.3806262112,11.1006330013,21.3798373879,0.519210356933
19.530153017,20.3373331261,34.3291788424,0.592421194209
1.59961786509,0.973219465435,4.08120824225,0.238463564627
4.48939108133,4.04840464067,9.0397676645,0.447843881715
11.374025898,10.5916003504,22.2887694436,0.47519897306
5.45752227783,5.37746783495,10.1532098571,0.529632294678
2.26086576223,1.48083333206,5.57525150552,0.265608346206
56.062869606,43.411429184,125.984193813,0.344578378207
15.1917434931,12.5146082325,32.7619053932,0.381986581131
12.3254186821,7.68503246069,31.105384579,0.247064376946
18.8230048466,15.8147656059,40.0268468669,0.395103957564
14.9465452433,12.9146257324,31.1295530639,0.414867046305
14.5810029697,15.4191328211,25.1980942248,0.611916626851
12.5542690849,12.2578958731,23.5617581584,0.520245381974
10.5835879803,9.3757651577,21.6193053622,0.433675596909
3.6642418468,2.50390952969,8.84551168392,0.283071191262
1.87636390388,1.89112924862,3.41327739879,0.554050851329
3.71362202764,3.95156690526,6.37279922895,0.620067691338
2.44240581155,1.46568506277,6.26866740287,0.233811266186
2.47308887124,1.56437639129,6.20025594619,0.252308357085
14.6468260002,13.6005371189,28.7732040479,0.472680661363
22.3278743362,18.5437363586,47.8754222604,0.387333113383
1.87879662275,1.34500829136,4.42331900078,0.304072189034
9.20232841492,8.17444791126,18.7568816662,0.435810603103
8.30629727364,5.90620139408,19.6294702511,0.300884400777
7.11960622311,6.205879848,14.7289141747,0.421339942266
23.1422271442,21.456931612,45.5210586777,0.471362754631
20.079057436,16.3233676357,43.7000292172,0.373532190439
27.0239277649,27.3121177368,49.0205265087,0.55715676028
1.6811909169,1.69847459364,3.05080799395,0.556729429386
3.46289097667,3.05177884269,7.10289852897,0.429652603122
22.5524882412,18.9380735092,47.976127431,0.39473951991
8.81888427734,6.42758252048,20.5531861195,0.312729251957
2.72251757979,2.59547192216,5.22467510514,0.496771927427
13.2638880062,9.1512752037,31.8585958831,0.287246658242
3.39470986605,2.90030915022,7.13056779011,0.406743086328
60.8980067635,61.3963143654,110.744037787,0.554398372971
7.7181868434,6.23463733864,16.8709929885,0.369547740486
3.79593456507,3.73322764063,7.07486048916,0.527675089332
9.21706752777,7.72996547556,19.625728057,0.393868979185
17.1939226341,14.2723153124,36.8810881769,0.38698194706
20.8807406998,16.9277188797,45.5316680348,0.371779019094
6.03635051012,5.00747997379,12.9538232898,0.386563863175
2.55232282996,1.74458130634,6.16043782148,0.283191123244
2.51932124972,1.80641635144,5.92607911435,0.304824879415
27.6510843849,24.0820492287,57.2413008678,0.420711075108
2.80984002113,2.48879545212,5.74041136111,0.433556986696
33.7092662621,33.0089476089,63.0902906515,0.523201704542
1.49197393417,0.911768391252,3.79916286555,0.239991920199
54.3755615807,41.2766610146,123.71074799,0.333654607099
1.25321898282,0.933566415668,2.88376899544,0.323731345036
6.38621604681,5.31611434078,13.6708905012,0.388863793498
19.6904170609,15.0163182793,44.6710320362,0.33615337714
9.46014065742,7.08206006098,21.7047040098,0.326291483072
104.975000839,110.421332565,182.489470618,0.605083308046
37.8233789635,34.8411843338,74.8166058046,0.465687850433
1.31758088708,1.18068628013,2.66675486487,0.442742711633
21.5497061825,21.9919944878,38.7009646405,0.568254427042
41.1332373047,35.2631856422,86.1791613571,0.409184599698
16.9856826305,15.2286084166,34.3645127932,0.443149260058
19.8910536385,16.2772322216,43.095255094,0.377703582125
2.12455647349,1.93534319258,4.24226602934,0.456205051544
3.91682706714,4.15635796595,6.74247164089,0.616444263664
25.4589684105,20.2385731945,56.249210387,0.359801907534
7.206721313,6.42670202923,14.6435359895,0.438876377526
21.4607670879,18.2956396122,45.1508275673,0.40521161179
20.1074474716,15.6291424284,45.0767449533,0.346722959801
24.602679081,22.7997273331,48.4145031362,0.470927632344
69.4679603195,59.816731739,145.062812717,0.412350557793
51.4623355484,48.967276989,98.9308665318,0.494964602107
10.6555311489,10.0481138391,20.6505809951,0.486577779169
30.0347621059,27.4167565098,59.8684338592,0.457950120664
7.8301345396,6.68609282541,16.453882249,0.406353511241
2.52696564913,1.57795653927,6.3729096835,0.247603781889
16.1581256962,12.1295892906,37.0111042779,0.327728381178
15.0804484987,14.5316169634,28.6563441922,0.507099470397
8.07985031128,7.30111899376,16.2420715246,0.44951895346
2.77487625241,1.77388591254,6.92274729828,0.256240165372
8.68875518322,6.30951136208,20.2924882518,0.310928422567
24.5717538166,23.8294779739,46.413423113,0.513417808377
16.1033960438,15.00593256,31.5376602215,0.475809950851
25.2539589214,21.2091399307,53.7183145146,0.394821396062
2.69594525099,2.13202895451,5.976803709,0.356717245255
1.09469012648,0.933855579436,2.30196644165,0.405677321155
1.89767683744,1.70902020085,3.82525802278,0.446772528983
13.0593550301,10.5636293736,28.5195845908,0.370399131864
3.89204896927,2.84540587592,9.05479043921,0.314243150631
7.63019190073,5.12745978498,18.5779673978,0.275996812524
18.7185475159,16.1947630405,38.9472443571,0.415812808014
21.3401767635,16.7922219715,47.4646530925,0.3537837291
105.277947617,87.3593193512,225.876404992,0.386757170826
6.70263512373,6.53192603302,12.6023285796,0.518311040041
19.7969351006,16.5787594414,42.1974091654,0.392885719035
5.46000441074,4.35899055004,12.0293326459,0.362363455925
45.5767332077,43.0895938225,88.1249995126,0.488959932605
40.1120787048,38.8174336739,75.9194433785,0.511297659024
14.3636017847,11.8550699816,30.9344183405,0.383232354689
20.2042422199,17.7002726898,41.6349665917,0.425129984212
17.7257758141,14.8627250662,37.7489068631,0.393725972518
17.6211540604,11.9293325901,42.7426421838,0.279096751642
23.2479241943,20.7646065559,47.1777502045,0.440135582259
10.013852911,7.71076960659,22.5824633693,0.341449445992
3.65103980184,3.04374751425,7.80750018432,0.389849176099
3.83420452356,2.02681714225,10.3432900754,0.195954781068
20.9163124752,20.8503036633,38.4714115821,0.541968771246
3.86510715961,3.18372715616,8.33581014893,0.381933741206
1.07497224092,1.00753349626,2.09460485472,0.481013635574
1.22052947223,1.04574178183,2.55827318415,0.408768613262
7.93438893795,6.86155365658,16.5145023536,0.41548655295
51.5597618866,46.9864232025,102.919298557,0.456536566623
10.4385796404,8.95078163052,21.8666666688,0.409334525746
4.16395478964,4.20092579985,7.56690709869,0.555170791059
28.2467686176,26.7707822971,54.4966253633,0.491237432018
9.31718142033,7.51434164858,20.3880831481,0.368565381747
12.451762042,10.2688865347,26.8320514698,0.382709706198
49.8471717834,44.6378511314,100.945086404,0.442199345421
4.49005549192,4.34447793818,8.49945707136,0.511147700577
7.28603564501,6.32385475445,15.1228896886,0.418164443745
2.46866532087,1.79860201406,5.75466556112,0.312546749235
10.5380473089,10.7836698675,18.8714223817,0.571428567989
26.226341877,24.7532444458,50.7868434931,0.487394820061
6.42256788254,4.83921861792,14.6784019599,0.329682933547
3.01025058389,2.31771182585,6.7888720407,0.341398661214
29.7575654411,29.5803445415,54.8858646878,0.53894285368
1.55063439906,1.41236764669,3.09657771167,0.45610599126
27.0166852665,21.4105892601,59.8123576083,0.357962637091
6.38878063917,3.96573719215,16.1557378765,0.245469270576
28.1958729553,22.9959017887,61.2299301389,0.375566356789
11.5916034317,9.15072737789,25.7278900235,0.355673448913
1.40773944616,1.19237817264,2.97590325543,0.400677733881
17.3221846008,15.7714937496,34.6031631026,0.455781851586
1.85583762169,1.48291469407,4.08633287476,0.362896205356
9.21971414566,7.74520837069,19.6074898094,0.395012744925
3.48458315492,2.64855451512,7.92160719196,0.334345600702
8.12222803593,6.39132886362,18.0652382921,0.353791561467
43.6466283035,42.9036178551,81.3888700419,0.52714354964
14.1580496597,12.9881469927,28.1036270927,0.462151983082
4.66767038822,4.07042724466,9.65308771993,0.421671009605
14.7310741854,12.2677162714,31.5253745968,0.389137843033
26.6600367928,23.9116297646,53.9198641372,0.443466061111
11.3247473478,9.53582564163,24.0434748338,0.396607632947
8.39535346031,7.10902885151,17.7510464487,0.400485057152
9.8777236414,9.13737263775,19.4681453676,0.469349928575
41.5299757957,38.7962075615,81.1573100264,0.478037129975
5.92225637674,4.58884487343,13.3028990683,0.344950739674
13.2642274952,11.0074947681,28.4571117815,0.386809977508
2.19383687139,1.88726644671,4.58442604163,0.411669079089
9.20565600872,8.43495433331,18.2915354959,0.461139762444
2.91900096774,1.74087817311,7.51171272534,0.231755158479
2.26684481859,1.36647299302,5.80681436769,0.235322313835
24.9600696468,22.3590698204,50.5327265305,0.442467116967
35.4307626152,30.5148435001,73.9745108935,0.412504836214
46.094553566,37.9771678963,99.3955177462,0.382081292571
17.0771357536,13.667596982,37.5614090224,0.363873383287
64.2168581009,57.422394619,130.197950341,0.441039159746
4.71432018042,2.82928074503,12.0993446638,0.233837519606
38.2583884048,35.8156160088,74.625360998,0.479938931347
9.98983168125,8.58614170361,20.8896971673,0.411022794387
3.3326071012,1.92774595785,8.68571186844,0.221944497705
8.9417743969,7.40955875158,19.2036734965,0.385840696205
12.2090217209,9.9373879652,26.5496902282,0.374293932615
7.17168612003,6.55538003111,14.2791875361,0.459086346092
45.2258673668,37.4002221107,97.2679631826,0.384507096551
5.0426434207,4.18016371536,10.8268254277,0.386093203706
6.75422033548,5.71844255733,14.2827115895,0.400375133357
10.8962645435,10.6556368389,20.4195893217,0.521834042352
14.0983764744,11.1792129335,31.2008728836,0.358298082725
7.15250651598,6.58916650915,14.146926639,0.465766641567
6.89495828867,5.58490769291,15.0435401879,0.371249561151
5.02446930647,4.00240475893,11.0860458399,0.361030868601
14.1566783571,12.1508134861,29.6335569007,0.410035606822
39.330581398,38.032017025,74.4937397833,0.51053977335
14.9240730858,11.6711494102,33.3266337731,0.350204868865
4.24570204973,3.71815065765,8.75164630427,0.424851568309
25.9378089809,24.662943718,49.8944243202,0.494302601022
10.5668628788,7.56827093697,24.8713880208,0.304296283369
77.0360847855,80.1834605713,135.477333467,0.591858863171
13.044297142,13.7520297832,22.6195561236,0.607970806682
6.55123652935,5.93559797144,13.1403591863,0.451707437163
1.39136016846,1.27776269424,2.75932326806,0.463071039566
3.7203928268,2.52330416965,9.01584532631,0.27987438541
27.2344538498,27.7783514385,48.9377791764,0.567625910003
68.741972084,65.0354899292,132.834089278,0.489599396381
42.9304327583,35.8853022881,91.6284448912,0.391639324782
15.8856953287,16.0380429554,28.8474110949,0.555961257758
11.5135998917,11.8539184856,20.4865222641,0.578620340378
30.9191424179,27.8383945255,62.3382359412,0.446570136373
15.2543211746,12.2245601864,33.5230584679,0.364661243486
9.12508451939,9.6675750246,15.7365280814,0.614339768887
2.76037567616,2.79362154579,5.00025014257,0.55869635841
9.4489281702,8.71574790859,18.6687966788,0.466861793963
5.12836967707,3.40158387136,12.5684086755,0.270645549425
33.6067736244,30.9677047462,66.4563886673,0.465985368258
4.50190132856,3.95269822955,9.26108277856,0.426807353315
1.62954065382,1.15754365969,3.8530312376,0.300424156542
12.4735667753,11.1115947504,25.3671915928,0.43803015047
13.5179183245,11.1747235622,29.0807560249,0.384265235493
18.95435359,18.5550729504,35.4850645178,0.522898103823
6.56546850443,5.9145162034,13.231189138,0.447013200532
9.0658528614,6.47920009375,21.36411484,0.303274914139
8.42842577457,6.44530889511,19.089009839,0.337645008801
33.2514241409,27.3576306896,71.7712478181,0.381178139176
16.2718985891,11.8916577787,37.8644357031,0.314058761419
6.40267619133,5.71655091763,12.9971840536,0.439829958094
10.9666688967,9.95518089867,21.9617794234,0.453295732861
4.58228850842,3.15843299317,11.0118430894,0.286821467353
1.57983559012,1.22362076998,3.54965008264,0.344715885085
7.48422458649,5.73633237648,16.9265991212,0.338894560887
25.9396139908,22.1293919964,54.545423028,0.405705754358
10.7461639929,8.71530299091,23.4261436294,0.372033192009
3.41158035398,2.13927202678,8.58752144869,0.249114024292
34.4521030045,32.7753016205,66.2423335174,0.494778789939
18.3061107159,15.2927696514,39.0884652717,0.391234844989
7.7297533083,6.70635027838,16.0486827843,0.417875433674
21.8395616531,20.5459327927,42.4146160293,0.484406902999
31.6128206921,26.884568779,66.6302286137,0.403489067025
4.05911918044,4.01288426542,7.52721820379,0.533116505564
2.58890459061,2.2701989783,5.33103490848,0.425845828677
4.09956799746,2.98370937753,9.56216247859,0.312032909314
81.6237660217,80.249556221,152.177668093,0.527341213902
1.78987917423,1.1138615942,4.52101492411,0.246374235188
15.5265307713,10.8233723001,37.0897478959,0.291815741927
14.4366186857,10.2809130392,34.0878127765,0.301600842114
9.70229746819,8.24854161644,20.4542766525,0.403267334092
1.42644157887,1.14662132084,3.12835691487,0.366525096735
20.4992186928,16.7613707542,44.4376950754,0.377188122062
59.5613435745,54.3970746689,118.673595677,0.45837554983
58.8395151138,46.3731854439,130.735883854,0.354708929765
25.5200411224,25.3956784801,47.0193961097,0.540110690084
5.95011242151,4.88673122549,12.8589675329,0.38002516244
17.567209444,13.5128410778,39.6420366731,0.34087151448
1.35133953363,1.09546081084,2.94676763791,0.37174998013
3.07545474768,2.25080514407,7.15060395829,0.31477133361
41.9358499146,38.9458918419,82.3711213901,0.472810023521
5.16734446049,4.68720446348,10.3545808262,0.452669648549
29.6264734077,24.0323595142,64.5754826515,0.372159193047
66.9383073044,63.386065567,129.244294022,0.490436084987
4.23261934996,4.34836187267,7.54840471628,0.576063689761
17.0697343636,14.3998234091,36.1919897173,0.397873217846
13.2754726982,12.2828761711,26.1603787737,0.469522107358
0.881933872253,0.909686105311,1.56616644764,0.580836159963
4.78915253878,5.0792799654,8.24914390694,0.615734192869
79.7518573761,77.8631458054,149.688651313,0.520167328135
144.785234299,149.532830246,256.763084663,0.582376670081
36.9510258102,33.527827137,74.0255583214,0.452922313553
13.5189738178,8.97018660736,33.1258730861,0.270790948937
1.02795715094,0.908814905941,2.10318217527,0.43211421085
1.10151896924,1.14383127952,1.94208857716,0.588969675723
3.78106004119,2.56752270555,9.15723257001,0.280381947922
1.96759484351,1.16112483144,5.08599844144,0.228298306578
21.6904908562,19.5775892429,43.6431420853,0.448583404116
21.9569063663,17.8332347546,47.8176623863,0.372942420533
20.4308092022,16.4081369877,44.8343907557,0.365972118972
2.4874952507,2.08969024229,5.29010025159,0.395019024765
4.03313939571,4.20236117792,7.08461939098,0.593166823227
66.6234329987,64.4474589615,126.1440616,0.510903629898
66.0731120682,57.3661691322,137.107284639,0.418403509948
24.5946146202,20.0270740013,53.4676229019,0.374564510527
15.4947568178,13.5212804604,32.0275730561,0.422176242848
17.2556834126,13.5678814974,38.3988772124,0.353340578745
3.88038094521,3.31596296239,8.14940596125,0.406896279085
3.74811285019,3.0591948359,8.13511743726,0.376048023829
12.9633557653,9.61983046246,29.8977122607,0.321758078965
16.6108731747,13.6411352806,35.9002878341,0.379972866614
26.4618655777,26.5029407616,48.4429745945,0.547095651814
5.43007376194,5.17775907898,10.4186614048,0.496969704437
3.32449174047,2.63043539143,7.36782041058,0.357016762739
11.4020300961,9.42162631416,24.5361894077,0.383988978794
5.31257671833,3.33099508238,13.3732343319,0.249079242889
1.20278451025,1.03844609034,2.50658242043,0.414287629993
5.53648841619,4.18372249889,12.6310666272,0.331224798536
37.3480896759,31.1460200558,79.8476688131,0.390067994705
26.6554699707,24.9263758392,52.0429373562,0.478957897181
4.84620862961,3.54660419869,11.2679741551,0.314750828311
6.49728456974,5.73918448305,13.3025907206,0.431433590914
12.4444845867,10.8641012163,25.7142496733,0.422493417244
9.88962945938,8.28270278835,21.0785380679,0.39294484094
46.5642889786,36.8052502785,103.266181707,0.356411456976
5.87668331146,5.38007859564,11.6853477311,0.460412365934
19.7532998848,16.7217979546,41.7752023239,0.400280477996
1.26396272838,1.08242130518,2.65028938847,0.408416269516
3.44703326344,2.81461014891,7.4795193715,0.376308959053
8.06535065174,6.58451660013,17.5025457842,0.37620336386
5.14671421528,4.44924120283,10.7151589451,0.415228670489
5.31367217302,5.39660587406,9.59067657638,0.562692926936
1.97329195976,1.26866188109,4.90975632514,0.258396098925
20.5433146191,17.6129713039,43.0382685908,0.409239773826
22.7360509682,20.8185806694,45.2019390625,0.460568309705
7.88027044535,6.08132440853,17.7463451268,0.342680386586
10.484033246,6.37174224901,26.7610959317,0.238097208921
3.70144372106,3.54368435311,7.07585533863,0.500813567198
6.95945251703,5.82013861656,14.8488054575,0.391960055859
67.2334695816,55.0596415672,145.59013986,0.378182489694
4.44710312843,3.71899442625,9.48857017177,0.391944661727
6.7358219409,7.11935342216,11.6471710575,0.611251726883
15.3339433193,11.4638795815,35.2094479828,0.325591005774
19.1534643936,16.4907469997,39.9993565807,0.412275306641
2.28248919964,2.2049235642,4.32717143364,0.50955308751
3.27555051565,2.82558064842,6.83063872507,0.413662727916
13.6466935968,8.25569942665,34.9039411178,0.236526282198
53.9589156723,47.2663756256,111.203000987,0.425045863925
5.66381166935,5.64308381224,10.4226903639,0.541422954652
41.0817163849,38.3332886467,80.3622919952,0.477005915274
9.72825071812,7.8053344388,21.3619038066,0.365385712316
22.200246067,18.0039130669,48.3970290073,0.372004510114
4.16155430079,3.79225979662,8.30725139004,0.456499944274
2.46155693293,2.56158922791,4.32993146091,0.591600410085
9.27448824406,8.80325404644,17.8687717396,0.492661396917
18.0828276539,18.0481496487,33.2187358691,0.543312356008
16.8709041786,13.0027617874,38.0239692177,0.341962242631
7.06204725027,4.68457005501,17.3066536547,0.270680291435
19.4590541458,16.8443462849,40.4716518092,0.416201106994
23.3203862858,22.8789257069,43.5675803883,0.525136477696
34.4547800636,31.9673920441,67.7331688411,0.471960674379
16.1576540947,13.6304694214,34.2580366607,0.397876549563
2.38380238175,1.97202812684,5.12558537239,0.384742031117
5.87944979668,4.96828017569,12.4503797838,0.399046475849
5.93516524553,4.38939930296,13.7158452347,0.320023974304
3.95215893984,3.37504745579,8.3042812025,0.406422587758
5.34384972572,4.95102689409,10.5181407101,0.470713126071
13.9981476021,9.38327318859,34.125593962,0.274962926625
41.2799791336,39.1700259705,79.5553903821,0.492361683882
104.633606606,93.0683257599,213.048356187,0.436841322907
9.17493824482,6.20982090139,22.2579070456,0.278993927357
15.2402978945,11.114994916,35.5056393496,0.313048719009
3.85297358036,3.76281572556,7.22976414734,0.520461753507
5.40795277596,4.47389104128,11.6278468162,0.384756620207
8.85901083946,7.21473876286,19.2573413816,0.374648744076
16.2815432501,15.7970328827,30.7406610881,0.513880714453
2.30964481354,1.74057182479,5.27796840903,0.329780644729
27.3941293335,21.6418362179,60.7724088267,0.35611285838
4.71939599991,3.94692549777,10.0691455234,0.391982168555
10.7721098328,7.57832169056,25.6055356464,0.295964192869
21.0413414288,19.6188727055,41.1872487388,0.476333654377
23.0589697075,19.1169297409,49.5053558396,0.386158818913
5.33334675312,4.86992338657,10.6283047053,0.458203215055
55.8590997314,52.156065834,109.206806932,0.47758988015
8.7768294096,7.56058950949,18.3220131759,0.412650587952
21.3506907368,14.8931831303,50.9844273796,0.292112393837
21.3798441601,16.0249859133,49.0165589934,0.326930046547
17.4726058102,14.1477775154,38.1312229516,0.371028685164
13.6631935549,12.7179518423,26.7844629482,0.47482571769
3.80204357505,2.83669736838,8.74073466099,0.324537636526
42.7109597778,39.9202188377,83.4271033563,0.478504193862
12.5426321983,9.95089894581,27.7481609914,0.358614718608
28.0001892471,20.1488050175,65.731578655,0.306531585423
15.349475975,15.1914942827,28.4331241641,0.534288606312
4.67582022905,3.81759041476,10.1464583044,0.376248568736
38.2745787621,37.1361076469,72.2640663945,0.513894519085
3.63709085941,2.92934484243,7.96607131994,0.367727669611
2.96664941907,1.97762332892,7.25243433117,0.272684072495
17.7448823452,17.1551957874,33.6165214413,0.510320373789
8.64862899065,8.4450006752,16.2306866446,0.520310745941
2.5842439115,1.37266083741,6.95926779475,0.197242134934
13.5460443592,12.9815833883,25.8716397288,0.501768868321
7.4556382513,6.2256503191,15.9247893723,0.390940826503
8.72120585442,6.71848199987,19.6617695215,0.341702815331
77.0532046509,72.7272632675,149.208434394,0.487420590952
58.3845882988,55.2784344521,112.743161646,0.490304100442
12.0902557993,10.6858867979,24.7421045472,0.431890778633
41.740196209,36.3256828423,86.4569605972,0.420159147295
47.9611248398,42.4565326309,98.0282649535,0.433105009571
134.107885895,141.589677795,232.173797097,0.609843486069
5.40382558584,4.81402000952,10.9892063676,0.438068032255
5.48315805197,4.61240323305,11.6496858705,0.395925116291
65.3058517456,63.0182762604,123.932836607,0.508487322534
6.38679986954,5.50979514313,13.3179852217,0.413710861772
13.7360217714,8.5445910759,34.7018960311,0.246228363667
16.7791687393,13.3815476732,36.9932345937,0.361729592457
4.07657236576,3.24113095307,9.00595280116,0.359887623734
42.1105992508,42.9500369682,75.6716703179,0.567584100996
11.4225717163,10.9967908115,21.7239958836,0.506204791717
1.97043002725,1.8811530472,3.77647439142,0.49812413702
18.5589787388,15.3155676327,39.973855903,0.383139611796
30.4842041302,29.9508440094,56.8710254481,0.52664504945
20.7905009365,20.0037314873,39.5619963913,0.505629981091
5.78024100304,4.63001575041,12.7067036383,0.364375835166
38.1710375595,30.7335795536,83.6212096928,0.367533304846
28.1799979115,25.7983743153,56.0343691326,0.460402690609
19.3078579426,18.6593808918,36.590035041,0.509957994599
0.95305072397,0.909527696013,1.82721862528,0.497766213321
4.60691274643,3.86445606709,9.8078857642,0.394015199605
5.35320031643,4.19665494347,11.9353031506,0.351616954383
11.866819973,12.0118080626,21.4922272844,0.558890798221
20.2362981415,15.4545125628,45.8693201477,0.336924822801
23.9328587532,19.5618953018,51.8939270559,0.376959239966
27.7407850838,21.7295548096,61.8826785747,0.351141148219
16.018375988,14.0067451944,33.0575803362,0.423707514343
26.3967312431,23.5542573395,53.6095277163,0.43936699954
1.87601734877,1.54452479231,4.04738465578,0.381610576625
24.4376524258,21.2557917824,50.6396708553,0.419745851886
8.9233898735,8.54487926674,17.055050775,0.501017521405
2.00532982171,2.07679589367,3.54579762044,0.585706268653
10.4397928524,6.28611675882,26.7558455224,0.234943678142
2.7748632431,2.72699765253,5.17550281131,0.526904873199
24.7355078316,24.6490969334,45.5113700057,0.541603052826
4.1399501586,4.16566537571,7.5435277647,0.55221714636
18.3514909172,14.8202307701,40.1210939935,0.369387504052
1.678477,1.12338386965,4.09508452601,0.274324952882
5.4433899498,4.19919817686,12.2613363447,0.342474756325
6.49339253426,5.03872553015,14.5723662533,0.345772638606
15.712926054,16.3282618504,27.681908987,0.589853172988
3.21723727703,2.82864549565,6.61120519209,0.427856255171
38.4454243088,34.8598742981,77.0631772293,0.45235449084
2.96221280456,1.90154696023,7.37562613988,0.257814987388
3.58406879425,2.97131306362,7.69472303634,0.386149449381
25.2546030331,18.7203714809,58.282962141,0.321198010418
22.5421565628,18.9210413132,47.9694671804,0.394439263668
6.78720934629,5.93440028572,14.007788386,0.423650052542
9.78974828243,9.8029524765,17.92546137,0.546873091531
20.7077011967,15.1468488865,48.1617916849,0.314499281621
7.1137313199,5.84942303467,15.3608116703,0.380801689404
11.6867688227,10.7051792879,23.2272862715,0.460888076325
9.38544344902,8.1084887352,19.5492165215,0.414773079335
59.5161766624,57.2181091461,113.336604314,0.504851098127
1.11760437131,1.0916124047,2.09679341512,0.520610374314
8.30165582657,7.20186539555,17.2373051476,0.417806921319
30.4313259315,28.0061003723,60.2421455182,0.464892147041
25.9194175339,25.4083009701,48.4606373676,0.52430802297
4.49251744986,3.94358966088,9.24337259596,0.426639694543
2.13776411116,1.63394130993,4.8432088953,0.337367506802
18.8989899063,17.5534018421,37.1182777363,0.472904534172
19.2789124489,13.9487994375,45.119103957,0.309155063248
1.41167098045,1.10913064349,3.14292408922,0.352897687631
17.1115218067,14.8020633259,35.6078442388,0.415696699486
20.4649700928,18.6068235626,40.9291250597,0.454610831174
43.4767671204,43.2675403519,80.0989211786,0.540176318422
19.5042890835,18.0313819141,38.4614988835,0.468816412193
1.96513020813,1.89124049234,3.73854992129,0.505875414843
53.5291204643,54.2983148918,96.7364857586,0.561301296672
31.291364193,25.0599003983,68.7964456258,0.364261556979
2.1150030458,1.97637089252,4.13202686629,0.478305431324
38.1514607048,38.5397121391,69.2396159431,0.556613603559
1.61464373708,1.00581451982,4.07655148227,0.246731710417
1.378013376,1.29225959373,2.68381003775,0.481501885583
1.5490314728,0.929109884799,3.97658428162,0.233645213831
1.08888132036,0.88484999603,2.37050207109,0.373275352434
1.45409627616,0.951078597307,3.58821661528,0.265056070823
1.44067551017,1.2822257942,2.93196465599,0.437326483994
1.0903593275,1.00402681589,2.15745244326,0.46537610552
1.0659564881,0.99265858072,2.0888150458,0.475225694452
10.2711775255,6.59292776155,25.5751587341,0.257786386786
11.6262454224,9.66256933308,24.9166275757,0.387796033139
10.5485958338,6.80003021622,26.212709333,0.259417297534
21.2721227455,16.7365531826,47.3171709335,0.353709929237
0.969502146244,0.979757062197,1.75879954433,0.55706010691
5.33775222301,4.83713615513,10.7045620083,0.45187613948
0.985915580541,0.95905561012,1.85693100362,0.516473475993
2.80407565713,2.56665094256,5.57655456745,0.460257478255
1.52735094547,1.05480089879,3.66667853245,0.287672041455
2.0604313612,1.48425661612,4.83404997523,0.307042050397
2.18651089311,2.20560215449,3.97400701855,0.555007111009
8.16904085875,5.43937747192,19.9819550027,0.272214479073
12.4183538914,11.6201059742,24.2325670018,0.479524351397
6.04653371572,4.71954466724,13.5189903176,0.349104818953
37.5895541763,36.4322108345,71.0426580219,0.512821618009
